0.45278214965661511826
0.20406216677499766643
0.45387747359223140631
0.098158524172189176582
0.34074319811307007821
-0.05718115776486659696
0.33681960067634031386
0.018703059724915704898
-0.47779022142739863144
-0.12411439873684965152
0.39859572240206542215
-0.070998511760060722953
-0.30042913953181604736
-0.19690528698821263553
0.038299796840525757169
0.41023521554028408165
0.02529252443242269166
-0.19316962299324358376
-0.46553047545651610184
0.21533512976235991143
0.26871599622428121723
-0.44048396197642880612
0.127098531081168864
-0.23481058097627754977
-0.18765599330585919224
0.022694779016024013707
-0.09137386692969212687
0.39293202883286704186
0.073771104628533423764
0.067888671171214998168
-0.10549935453653536133
0.19159130311497762911
0.069323663878234076385
-0.15678123659198811568
0.094935735186864045332
-0.22605376002273802616
-0.45189997047897556559
0.33808906449354703128
-0.39745861345444122303
0.22827462828635169956
-0.059500911164552083843
0.49719196453154823612
0.062467966224287629906
-0.034146224236519973072
-0.080990627217567945362
-0.28839808593127658209
-0.26423265087968483833
-0.18594100649911898815
0.36985657887215317441
-0.24815128592024865428
0.46964762696938766595
-0.19666754299936034522
-0.12600529944132615734
-0.15163172554776804812
0.20084001364349346463
0.11438894317789083388
0.25916610765837899688
0.29905853975982443771
-0.28438455403526508025
0.39355974830145323828
0.39969770267759274773
0.43911360897846707374
-0.2260660760912294176
-0.022936505752827018867
-0.24642041306629153263
-0.13790292794953840083
0.027000281131529968448
-0.11908183959325469026
0.32338748526305394204
-0.1855080045212328943
0.16319187455160910627
0.14748765202574565247
-0.029665104901797911818
0.21798504601819168602
-0.48092416285880934534
-0.021296248721136001869
0.48929464928104959842
0.47741668690268490582
-0.0019583712651106144342
-0.45911915915175649516
-0.36621246018091757612
0.43489754860661966607
-0.48246018155282549555
-0.43890613282987328558
0.0072902950370421493176
-0.12297695734541713719
-0.39740252113199664441
0.0051909127136882116105
-0.27018399784890223536
-0.3062442142498538189
0.040585077004430258896
0.4105873164863426128
0.081019454012104863416
-0.2948543191805473862
0.38396247274708572572
-0.21430734052385869148
-0.35163700242554601916
0.47583141625533009744
-0.23184552075585390662
-0.35670058096028478545
0.35707956375100802227
-0.37662717077718438352
0.42876516718231383329
0.059730925935894796375
-0.32233014659206132846
0.11521488493072429282
-0.15649104739723823654
-0.14059601370274743548
-0.080450977797720091278
0.29275624792327725743
-0.16446135722029697757
0.38398251863725063604
-0.039929521386845079345
-0.49956742843889567762
0.23559639832568102236
-0.072116263084911202963
-0.49502251635077010317
0.4667476476060260504
0.1686145551085170835
0.39694462768508986805
-0.29685930671799093394
0.058033126873948237545
0.21074017984944171111
-0.018835525649277318205
0.2289628120679364498
0.10463064999693183488
0.48822073180786218494
0.40445678237789761678
0.023734713394571449463
-0.089991803142099979773
-0.2056714537323144909
-0.13347148869774400071
-0.23209299811240918787
-0.10176959213272840366
0.39220580489313783268
-0.27334032026383503489
-0.1405582121222061498
-0.32765925113232718946
0.057380986873087236333
-0.095731835048562641255
0.47746894707693465776
0.13836239371233072237
0.46967780050076990417
-0.18604325392951231999
-0.09392072843676702032
0.18668022429051567279
-0.34143798749607590093
0.2744999001854246945
-0.19487745758872987434
-0.25487290469135470694
-0.18126289015248514547
0.1745367736313135909
-0.10135850467157198063
0.45781563360207500057
-0.31437802584744301004
-0.066478349117092161435
0.17320546961643701334
-0.051009285085902911216
0.074286381258935385574
0.39921609647878386617
0.34327411353352343948
-0.13546302800603482464
-0.22125796046290213681
-0.24792121407930056698
-0.25761782567871360783
-0.49387979368149687032
0.30244616491934184221
0.44859336375535463493
-0.023092795682403188806
-0.1501211261894626614
-0.00018252791164002912794
-0.17681995281010864929
-0.089465491740709945923
-0.12196149874850720218
-0.21420247223927091351
-0.46181927369963249319
-0.48284133768369230655
0.48776925195885878495
-0.42268280761125814893
-0.30534689268265174933
-0.052404781814584744382
-0.374188397861550337
0.31623623749998153176
-0.19766945421610954137
-0.47267019155785627849
0.4531846890972537345
0.14315609128248374393
-0.34642887939229183303
0.34966827311994630456
-0.30085032960091573351
0.43621753992851730608
-0.48406407852410993087
-0.050387019972825297653
-0.11692175381164177095
-0.089882843458911010348
0.40939983320117423471
0.28672905647691504516
-0.36845785581269008269
-0.10025485443250725659
0.31977348932446147955
-0.30491374477701460588
0.41859905498211813502
0.24274062184635980532
-0.49310253296602096773
0.33831130865551051201
-0.16285271956784119762
-0.43553091481918881911
0.24551761356793011526
-0.11350775561240211697
-0.28097050921519228783
-0.4138929566362495871
0.29765929612372232782
0.4959754906398263774
-0.28729275263736964163
0.29386277499333901542
-0.082589985294501566671
0.376318065295588422
0.019462985367110774426
-0.38476425771379096918
-0.3513236032642774731
0.10587569905570293205
0.34333171342626467304
-0.33056127808301222215
-0.2623502327877809126
0.35809257188942189565
0.19790559505476013058
0.27900186488917277927
-0.13032899857759622231
0.15698861333696212395
0.0910962024314930785
-0.38682374830405169552
-0.18436991582748790686
0.24950366059760709092
0.42065073658583063132
0.16884695812780559088
0.26660588761288739335
-0.14761006606613830128
0.28000176586949021562
0.34528813921587320213
0.1792666499524012691
0.032565555600558404592
-0.048900217436015414041
0.14851658336160333818
0.43376218139287947562
-0.43982830325648197833
0.46716109891276957899
-0.17527781825032734409
0.0047415346086001619597
-0.12265231394042169777
-0.046246597143674517127
0.29287442242996508668
-0.43973570627639380071
0.37321884708832719912
0.13771956709883903525
-0.094140843589540001979
0.022769697058996785088
-0.34169298377771595288
0.49462177967288556424
-0.31689397362979104811
-0.2690560768480377285
0.26920749278480715638
0.39650249423636252377
0.49639759519885517935
0.092945812508740122126
-0.39959557969488118667
0.48721654208400810848
0.24731725863145037625
-0.0065019188150438056439
0.24101355557669157381
-0.44363780731342467023
0.44006511817985649593
-0.32682219440268672761
0.17398302054194481059
-0.21577588323288349192
0.036009856037772958182
-0.21492898012845934597
0.26994171340801409453
-0.18462650503577049399
0.23826975738354139178
0.055600863079158791002
-0.4664815225890541206
0.1003019471913927374
0.39569373179171374311
0.16428437632570502824
-0.28552146758122654013
-0.34394318663273582004
0.18047109168096164833
0.35758295515628912842
0.15050447532178012899
0.065636473750965484975
0.10060454187823686389
0.17630325017077896899
-0.42005739984204426563
0.32266266219511074986
-0.039141219571187768622
-0.37129127054652699691
-0.37014282102143075681
0.17311007025046953878
0.27025071591680127625
0.1150953547305134661
-0.11475291978535084869
0.24212312128476298767
0.17026985050560372592
0.33335372707865973396
0.017195936370667519455
-0.24141979312354377996
0.34786183014908467204
-0.35111575654864701779
-0.11375728950912328274
0.41939836210086156587
0.090291130782733874938
0.10799250157977879905
-0.0091251549917391594491
-0.43175589027347810456
0.31621608518368737872
-0.32549324698448728332
0.2974674519806694839
-0.057834341395387511842
-0.41209202471250439004
-0.45077635585092246107
-0.22101035931068857554
0.17644790175349378547
-0.062057776812539044986
-0.087933628043716516309
0.0886314673711239287
-0.053553134324379636499
0.18598986574565534724
0.00083452235713799005623
-0.43530874100719779696
0.49321985559502623531
-0.40331448689290683163
-0.19908543330991046449
-0.26024521529579525136
-0.49620064655235185391
-0.15697238600822460697
-0.44955768940389162491
0.49095429422600189717
0.29512835233301870641
-0.15755007794264408449
0.19174006307417723605
0.071110499206571864406
0.14569148279150656577
0.38569436596972550557
0.03517349644272194098
0.22215827152847933412
0.043878498433115864508
-0.14332336327042871638
0.49433270196260425955
-0.30194100289911007806
-0.071355184977905383725
0.1510405955453768545
0.45770643125568521992
-0.20402192801112140064
0.43750571362245094242
-0.38764292817548912096
-0.13670600730929055588
-0.41092159088757806984
0.40966414866534051065
0.093079168379233467867
-0.12449070402365897126
-0.25594339014897132811
-0.40025158271746308358
0.013724026905796327114
-0.49933523091291154294
0.04686130500314344971
0.21405484367091132114
0.42544631018828149571
0.3448666832695324036
-0.34555291031975537974
0.26676861287848596671
-0.23745534402663437401
0.055109933713908265673
-0.32560279283044996079
0.091536418171019762191
-0.34597947538633611053
0.13900365350027543698
-0.27926093717462108224
0.42177360445452083404
0.14982366514892608844
-0.49156848967911359605
-0.25174749830468656775
0.32824944162773850298
0.015583568107952805448
-0.1560308707881375434
-0.24546605265922705197
0.30305532792399902942
0.30084782060632853096
0.20950280332006887551
-0.34592838764951816533
-0.42876118692038189817
0.02070171428558120752
-0.034767473404465620845
-0.037791265073406299368
-0.16787272288943699827
-0.050329614156163104965
-0.027561801244602945893
-0.1377977129230309461
0.11425907459489015316
-0.22991296593401250314
-0.015792064693924912078
-0.098083820853474001922
0.085512593666654979074
0.035944392124055868365
-0.36789781450167874377
0.10219878211301858251
0.28926665398567918963
-0.14244011203841605573
-0.42884535256752420729
0.49136997851952024519
0.0059739531977429649601
0.15726913416373444754
-0.48122015327003075935
-0.12135769883502600663
-0.4786947198002123316
-0.25939677861774612655
-0.49811853753292667513
0.053039999018681727172
0.11647093905889716048
0.17382789046335955785
0.15188225835349855597
-0.13216291368196347866
0.42686080960445593746
0.13783530342154115544
0.3450565927441993086
0.13732457747376958235
0.11446558945394091911
0.28707058368091331602
0.14409815633417766279
0.24438995104062821717
0.18492072606847087535
0.049705305508511155033
-0.49085236878686488993
0.48008131344912874372
-0.064777247678045102308
-0.24372802073076860196
0.44950253815727869711
0.49404835896674748064
0.28508843719889942481
0.24778170578209135488
-0.098119458117146285403
0.21660465829333841459
0.33395876217113951157
0.40583339424288566999
-0.23401182334291920073
0.46124845428236127542
-0.027041977120947635616
0.28219221529910420987
0.39264119561026966654
-0.39831155805621132338
-0.36042372019579116404
-0.28070680763531064006
0.41924628986139700348
0.19818582669079354286
0.40862111273860612926
-0.38889765402593068355
0.3787484190904600867
0.32038328435351159929
0.10532787744411997721
0.32881904408312701005
0.048174136177734694364
0.49015580844919226511
0.41300241031185325191
-0.0091274581616220817892
-0.48869055259306859451
-0.39880074368861695433
-0.41840627102810140636
0.28669918723198495325
-0.28297588030512377255
-0.061286670512441132619
0.34874830432872749864
-0.12591964032358543557
0.15316839696841311191
-0.14424456690427572836
0.24238428156250502177
0.17121233854306117106
0.16149075319128347594
0.04259866159802505603
0.16698473109847988827
0.43489934685670439407
-0.16053338248310716763
-0.15498447232457346345
0.01131707240495183342
-0.24892097739816848589
-0.48542383790646387309
0.18764491284818096695
-0.41760500870365058201
0.096130837766348897766
-0.32270590584557901082
-0.46638141229584834102
0.10347742406892124212
0.0011939559657788700875
-0.32632083403640499419
-0.21473231983276802604
-0.31004283460899312308
-0.15906097629740051369
0.25296015334193744373
0.36666130006556330034
0.28824904886310309671
0.42283559561313854847
0.045489223838293568747
-0.37731682886458733917
0.35978824670366815752
-0.46208782101355999616
-0.01504611840404496137
-0.20681246452324691942
-0.32401528312842464707
0.13792350593502333833
-0.19739907269742168472
0.41189275179215445455
-0.1179304332353259821
0.46767569495239891264
-0.076553612326080933137
0.25570262927454123769
-0.49500925520805083568
0.2680863289526151938
-0.19338788571345189027
0.021252693892467977577
-0.33854384061350129009
0.20079461215945360042
-0.39729775024309305076
0.018316190970781520697
-0.44636666415706055533
-0.38375306042642931548
0.19885526786246765507
-0.34255010080002940009
-0.33999138548535035032
0.46196618697465852144
-0.14161263477448921
-0.45639060570127998329
-0.42898719842163707261
-0.055704909390736800923
0.26123989287934157311
0.30851941002887695031
-0.3988562179638908689
0.4515771149934877382
0.46195111363019614181
0.16672727493422667688
-0.060720601257244322113
0.12132945365679281835
-0.21325416125626939223
-0.44327291959955644751
-0.2427500217505104696
0.28484327209003512671
0.24502758442810745887
-0.138860077696178974
-0.10789190392150893594
0.31071821456514736592
-0.33016279647174917589
0.06295924137027508749
-0.26211035028745754971
0.35582972935099299594
-0.44520146124932791221
0.053609302443046291664
-0.08910348046396249222
0.42054248873258992525
0.32066501160028715312
-0.34938914457571507155
-0.34492496297583519205
-0.44246481450637875632
0.02789701840226110896
0.37773389664672718524
-0.22435743060373775082
-0.36911494504099756631
-0.34204101801009823003
0.38566605884850668762
0.31410470658466671523
-0.12896294110536205002
0.34931569688726959999
0.15054888160865098623
-0.28260100904671692224
-0.17225801479119967619
-0.07307574421675061549
-0.027351077917533717088
0.31412970671904916209
0.30672467527401492404
-0.13773775478937644312
-0.021858160840183438189
0.42480632320245437228
-0.062021300181009042518
0.0085417316727381953356
0.061800129342718390646
0.12418557551055497967
0.42878835075908927621
-0.2924653987640062347
-0.33970238718349921037
0.34092287830323009246
-0.27623119912236926421
0.31629351568687902319
0.43418881573034950883
0.4463528221870453061
-0.26290454466919077614
-0.12951513147108767443
-0.48985036043365137726
-0.25685832501125510641
0.34313609073119100135
-0.37136143377748598304
0.23632972792735895684
0.22370358153858760364
0.26195002614353224413
-0.30738428527490080366
-0.48338721448237470524
0.095962788551972710849
0.49224274583249794102
-0.48732959857705887563
-0.066164627875630876996
0.2720703505507634512
0.37093920887036435641
0.084613187886006024918
-0.20067915155886129064
-0.49908994591655081452
0.39021184042009104953
-0.45401461395940367893
-0.15985765696456322171
-0.11230787628192157035
-0.14182159117573989171
-0.36627061368533286867
0.49818260786443269161
0.2416630181220696949
0.10362882883298663028
0.34796746131905775812
-0.32578492203003683869
-0.3020246676432060684
-0.057789469754250588629
-0.39561309580931924845
0.37667865221368113104
0.48875101032380041666
-0.25791298271741269765
-0.29809783214399454554
-0.014226922585108492392
0.39267302786653912605
0.10242693103626854256
-0.35690738326189586083
-0.20183627870405934646
-0.026675987335155526559
0.015179073929833530876
0.37257070423580496144
0.030039643971665808131
0.49406622615012940614
-0.39301305346321196987
0.14755241203568814079
0.43068813895779656242
-0.19886026620427160738
-0.13323908630788416918
-0.036431866865073991857
0.34903646042091318602
0.45491378889439848532
-0.18158959861070639308
0.49571635054460849723
0.37713886832540333138
-0.053850800743454552144
-0.4869340860820075001
-0.26600692006375992182
-0.098890607024646304257
-0.33908735740590834062
-0.1516186368617195579
-0.46833419407164283976
0.35034352605873897435
0.48241130936066278778
-0.42434437535640312511
-0.1335026864748903308
-0.047287689960280321344
0.31323303204944330513
-0.36299757342675864624
-0.12408608795620557075
0.06060742392559403946
-0.44098556322813631247
-0.22998188455454271484
-0.4097001114962609547
0.21102403560467886123
0.42491522690756189373
0.087964552617698532622
0.40587450834790117504
0.49180735480495707534
-0.35133107235002214441
0.026392836162365651553
0.076383993593436283476
-0.32375919596273372569
-0.46830058337056629236
-0.37343239087662927211
0.19325502332268806871
-0.051544908008928413956
-0.24223403845897861775
0.22964319532315435879
0.24864933011721512823
0.23495971697343831508
-0.37678653485614171936
-0.17481334896358208253
0.045180026323637934027
0.4049479670486081373
0.27369967711267662036
0.36543057340340479033
-0.38905665955654489263
-0.23332407017422168716
0.17908507892989544708
0.14130236175597821191
-0.25018061195217788928
-0.25484086158101337816
-0.098440901469908359545
0.20684955196386678455
0.17504647218040847445
-0.18058726534577573819
-0.33497554256215300583
-0.481263102639212903
0.44882817547110542833
-0.076628488530608551699
0.28544909946333718587
0.16891858671906267997
0.44466629584740813286
0.41379641472586059514
0.30981951603239954451
0.45295524162191236339
-0.31791001681494324149
-0.19573382599211963662
0.39853283006150785894
-0.22495341896125681247
-0.043592328323576456928
0.0030534621861121324926
0.0066651191923458030786
0.13570769807569083021
-0.22949188398536102262
0.21058074407531146566
0.49000878479896181616
0.1376092682700107428
0.059817858546167612666
0.42741533425757272102
-0.35639172418386250163
0.009756727443120283283
0.037770255324020785004
-0.020430726155437950453
0.49851747550877534287
0.064363833631795541734
-0.39718697413686543385
-0.11408189942005625417
-0.48290545009115182218
-0.49711639908115784481
-0.40284115922759450301
-0.2343002429372348927
-0.075507959369927823978
-0.068800971866066373828
0.025359945883614121165
0.48948625413109281279
-0.030366177285964024435
0.21975743552264315195
0.43614457126410355325
-0.067819466670602679415
-0.3453351467156646204
0.18919653615998099916
-0.26230414849541328071
-0.15753930183476050342
0.091835874130932082515
-0.14251146355404875621
0.45461219056816359885
-0.052955508758788683021
0.12742135580145919072
0.028297111056908907933
-0.25344090574228039792
0.33428982929306072513
-0.24416876789303154638
0.20413762457523221272
0.31480182091714492554
-0.16844837710551863186
0.034050264987414702311
-0.068565756680851741578
-0.26232105347458212208
-0.47687341987742626337
-0.30073689819164772796
-0.2537774893098800888
0.27724544797932726414
-0.024898929690019722116
0.10339415269794294261
0.072571896975200056445
-0.20163803869232571619
-0.33044623215274204764
0.088416443724310345154
-0.17658518605929490741
0.19441006618957124008
-0.028154962856679066618
0.19705391624145374152
0.43401942827045969509
-0.10239664581624646766
0.037041245491926444444
0.2741116243038137501
0.36028411907354429555
0.38650204041110358677
0.032068966422188038834
-0.10409250991730317759
-0.18623714845008731977
-0.012860155286467278568
0.4759500021532488967
-0.12008402168214921124
-0.11942950407064073515
-0.11563969628975268034
-0.065383344484560790288
0.36057762212632238352
-0.44743442393589172301
-0.041285367281647000759
-0.083182046229228756573
-0.24540923779181311737
-0.4991935355676921926
-0.077744445827128416671
-0.47325898426761281446
-0.46282325868675733282
0.18292637052894877847
0.39195458958881246314
0.4211753020544309889
-0.28441210877322387063
0.45294870064995629289
0.19014879602892420518
-0.22177455017410263594
0.4254145023067835707
-0.33699225321494519214
-0.20654355780220423622
0.12831869350208413572
0.18907810539632885494
-0.41421748760998389205
0.21419907890100686743
-0.0941645123629574754
0.27761058482409661785
-0.19816312044215611543
-0.21459125522904926031
0.17620686781827210599
0.17301131494566746039
0.1258004038686895143
-0.40205101238676588249
-0.26564499073544556307
0.08183308491160656839
0.008601241764759959274
0.043921104210212336127
-0.074729598069902425372
-0.03503534415542458591
-0.23553923180124292092
0.38894783005291899691
-0.088006159881643897247
-0.46943786919006580405
0.05411585317763201175
0.22648990692631376653
-0.13467907340458562526
-0.08234611372105105076
-0.094806801183339839412
-0.017223625074477888486
0.23965190333605757012
-0.31396672874065556513
-0.040886093258362232739
-0.25503697712754080928
0.45461331434641027993
0.33067878520521576391
0.41405566978441532555
-0.3136799025126322249
0.034584776475085399206
0.41144520710445764422
-0.13407257414467427248
-0.38392473217185763001
-0.35955565039395598337
-0.19715848674192665291
-0.14918214376883409678
0.14547630658904109335
-0.24992982357561382978
-0.23866773131275081932
0.38118147880978370257
0.33969741793749930192
0.12217899541784194017
0.26553039101813002976
0.22594801704890277172
0.065861846474562502074
0.25835254113453842706
0.32734081222127231481
-0.3520532427335311132
0.44297001755615805774
-0.25147640494958845014
0.49103272863116542712
0.18504615462071360987
-0.4786142854414149328
-0.46058058061521095494
-0.29856471363264658336
0.46881428012889680979
0.43980299544598699946
-0.40820578087911696397
0.27661865767585180897
-0.39215655040597935388
0.065657865889403033144
0.26360109516981167221
-0.097178956738484922884
-0.49822420909303916092
0.25043174777168719647
0.008928478176047027759
-0.167367937731276617
0.33099477341730676461
-0.45358561389436835576
-0.18743501334734430364
0.30264167850353551614
-0.16995830119723948082
-0.38529917585426648463
0.18626255191138429979
-0.10046398742737222554
-0.45133652865271506327
0.49949866956834898524
0.23011888554868542567
0.044682523686402464413
0.18609416329627948006
0.4083247421520200815
-0.33223290967103430438
-0.036262906637890113259
0.23023229890516860863
-0.47926172209442124972
-0.22473664516751246101
-0.28932238918278219142
-0.32259802987427760312
0.075840860088296380148
-0.3682984381323705092
0.16768748926537924149
-0.29464807791246466762
-0.1152009309154795047
0.34199910045869652553
0.30454466060776830272
0.018084482130790502374
0.13133532298429040353
-0.063159967464056665509
0.38079008085084853352
-0.42645991572951380544
0.47273805418687242508
0.38413792621423248352
-0.22213446737325120983
0.12617352151890126599
0.0011485448456169944365
-0.096320717124468435699
0.027356985021671831326
0.11768637049987984433
-0.070133167929630424453
-0.4450981561905990036
-0.36943400034935369725
-0.44720491591133970655
0.24238152315590255625
0.49259268138616485455
-0.17632038667224769757
0.43222958818158763172
-0.1438205304932033135
0.1102297739371455032
0.15583750255342998514
-0.2623978283071367601
0.15549688893410540391
0.44327407064435264683
0.34565312641560863582
-0.080555998932367423038
-0.096151785890111529653
-0.48187484925205936737
-0.34672256400153006473
0.38957022687728748433
-0.17293899297794829151
-0.022452065114542396618
0.019721526127256749916
0.17551138462359172632
-0.30329489464720604808
0.074426201897317412204
0.20968440655429010366
0.028568220989028003665
-0.23434840902521780759
0.13206510581526886838
-0.41378705140665539286
-0.4214795435476088592
0.034950057117830946041
-0.34795855323945634741
-0.27209155212081626019
-0.29756598831163305618
-0.27560971130779199356
-0.28866187265011677976
0.36669987294868644501
-0.19516704255691480485
0.29367374842548510383
-0.17334167074210593551
0.19951870656979031615
0.26389971455479888096
0.0085459542543735445008
0.082360295953367801403
-0.010543128618089259163
0.31505036184021673051
0.47829934989579769855
-0.35753823510001203623
-0.27520650561070902906
-0.29020997410709276076
0.05211844649302599386
-0.020824351445051736409
0.26633401119343891317
-0.0057239907914223842056
0.23703538199055040891
0.078627022335272411802
-0.11134642621158002962
0.46198549815309997157
0.46913292156824959456
-0.40053723362997228907
0.39861798657826696957
-0.45097775150210661632
0.13199789321586297142
0.25549762363371542051
-0.11606681641679561512
0.05957852917889328026
-0.23045876269949117088
-0.42512723330773849462
0.38070082790283854557
-0.32765522265892005338
0.083063886089391303358
0.040716769165233923644
-0.091766366302273083555
-0.29161981956441085373
0.27310903466892755276
0.26329122804654014889
-0.25027859902440247053
0.38222632892591690279
-0.40333281715948937629
-0.080621677055672025247
-0.47475371471006472257
-0.14869966125899164444
0.4239198544553395287
-0.15789370056296048173
-0.042912514621257391578
0.23970422343287189904
-0.20721527451947369114
0.37045896534567412939
-0.33504754236059591799
0.35709338819604541371
-0.055320774748614465199
0.12928500024132905111
-0.21559011944697725749
0.23035972480395205952
0.31165125265363946561
0.077431697015095557468
-0.30537384993010663337
0.42860341154261538676
0.066401943407999652891
-0.34448714360317878036
0.32659470913211663401
-0.0037124926356374432501
0.40483217635503643272
0.41568645417020755328
0.49989122238709071677
0.12013952317591136687
-0.080651939143644102437
0.096340255175488942463
0.2155562099053555114
-0.42909711932636268594
-0.11608672726494068117
0.039130629471085254245
-0.031618871874870002614
0.19102746664098735341
-0.12639501200956415605
0.074347972395355621522
0.05824737740431107369
-0.015586216300331801055
0.021412094807405024355
0.16721520785983157165
0.45400318804679995477
-0.044298350673004138756
0.28081560523814785846
0.021749216354475464641
-0.21051878746651281338
-0.39662379640763201216
-0.25733891028819189106
0.061570529428262465999
-0.14558110410416297276
-0.032902873954288369696
0.039685883718173498025
0.15216032015616620665
0.011838637511181970829
0.14713139754116777436
0.063607608844425622685
0.016767909005116155008
-0.24310695278695393373
0.17911185796322270924
-0.012863841894418581724
-0.12972647528038255826
-0.23047742739699400571
-0.4199825714272690802
-0.17774344259172369931
-0.12973786979451218393
0.12316958681135914411
-0.02264141754272697149
-0.4227377438677811794
0.12836901383896603956
0.17784620629102143585
-0.32579174082410433666
0.10504522640054103633
0.3839530809252251764
-0.17121255736393259372
0.2978313736040039128
0.36502049676874004369
0.29670365807599319297
-0.41933344475490308412
-0.17647881669851023245
-0.33767284024400778808
0.4552864650129659907
0.40966735664243014714
0.019714110599494460985
-0.38187609433724650776
0.13593983983824364792
0.30337248367372704472
-0.16405006845413100391
-0.047995925589552457247
0.12695194149799660099
0.17245418171395621165
-0.36689090668853685528
0.0091187392997802430017
-0.24594407151944935874
0.22627761242905652939
-0.085420988733641955992
-0.27283083242725558737
0.48803964871131588765
-0.047441011908340102732
0.17846034242102215561
-0.21178609796615827099
-0.031279869001240523385
-0.39538037416410465319
-0.19551306904196835701
0.066744030520372366055
-0.22373055282597553717
-0.42717175160199027939
-0.30123346208772217025
-0.29175297718592008156
0.17571664946535614504
0.38530748308694884319
0.38306946547696052452
0.31115368729341108534
0.28630927946832751552
0.30647372057613642138
0.16917906581172914571
-0.040907673558636503675
-0.090758739316761150029
0.37860326814758027414
-0.18513567835515476467
0.092193524475521093642
-0.25533437529268249166
-0.12206935978546878951
-0.18509399942280241325
-0.40425745308855370874
-0.072611076122307327552
-0.40655816033404740262
-0.17926648497717889708
-0.38695723831274059235
-0.37306098344250049337
0.010928642171378788461
-0.020884096323126100092
0.20936609687168594718
-0.39734877756218145439
-0.38652484109458218331
-0.37783159845542446664
-0.028711834317475759537
0.29920198961583177599
0.0067570434665544798492
0.15652491441489457813
-0.0063910897387704501682
-0.20126056321632374013
0.18744269783704525789
0.13729706067711633377
-0.17169986118730035107
-0.37215761953664650008
0.45952514018360091086
-0.33930766145019025659
-0.40503355630127474418
-0.21027849951499311132
-0.2892929759881728291
0.018188146950312567007
0.33608050412176770916
-0.12366690706027344548
-0.39560003790196934803
0.35709225867743865646
-0.34119918560646800287
0.26331861118891319862
-0.033515282062567652854
0.12435448959556860693
-0.4825898667872047243
-0.37301207038160499874
-0.34922244977766037088
-0.31673433733404043888
-0.1355565231977002294
0.10958538072162693489
-0.11569832269267177338
0.04193726805910036326
0.44243338317343849919
-0.47129000472510079733
0.40293352105855573253
-0.2441007629230158571
0.25693633735083465375
-0.038509200687256883722
0.0049174019720673589617
-0.41028605024994890815
-0.48100954576395094087
0.094181691386415411493
0.29719691198444597724
0.071563849796389189528
-0.23185030273529633194
0.23449112792777937475
0.22532127194150997074
-0.43801298307578884206
-0.14212844119488593497
0.27768834741016934498
-0.0098122667989744560835
-0.40481464269195360783
0.37079016170908496441
-0.07240924658825709237
0.069411432866960165455
-0.027753662438765147602
-0.1559938777158415002
-0.21044813239252463388
-0.46422010151827436397
-0.15836999642931032239
-0.36575537110210909475
-0.021905681386053865722
-0.44815499451629425831
-0.34467709081757569312
0.3337256160340765776
0.031235683184757667696
0.44584872220965698908
-0.054572955791982125096
0.38839168554583436421
0.27788409095316735087
-0.018677471285575064641
-0.45041828551195323138
-0.027891874635642410762
0.28201708490043186917
0.41429550483692856311
0.3369189371120901999
0.26840469234685793154
-0.28989709858790951857
-0.15640131582857857984
0.25184266567238000611
-0.14369866547357024178
0.1382859682802194401
0.4778792141786748493
0.28566147048019041588
0.1101840215769164244
0.36361034081604437507
0.2100363076000567597
0.21375878863379149664
-0.028064369779183140352
-0.33150668063476484981
-0.30064201592086414738
0.1683026404268851417
0.22829382218975580177
-0.02186459490121095417
0.41973358630697699123
0.067720871853849340383
-0.060902120501963807886
-0.21289623672925028774
0.216646605665133829
-0.1069370770473007104
0.074408896467163199162
-0.26255190570001651906
-0.21363799320720777697
-0.28217627911611742331
0.18987436114768441175
0.11469864004617513764
-0.40600339697536358408
-0.32286336162139100958
-0.049745268154883448553
-0.076169630973981272692
-0.45218395178431580739
0.39256984724987054047
-0.39873983949610269928
0.41588322730433058272
0.13532489766730582126
0.074928388567100601136
-0.17796819670319857787
0.31434001216748530538
-0.34309450140723496414
-0.23784688607858728293
-0.43659509067495921864
0.018106039304176646532
-0.17890154630973170713
-0.19134190124114947018
0.030496539583451554023
0.087409217964954821767
-0.45703047611485064783
-0.39715330117240427166
-0.34851458304500426699
-0.22338846072361534523
0.34514228128758317471
0.36510308387348366921
-0.11726515925591479705
0.43001466360403794997
-0.2600444288223875966
0.33784929704470201273
-0.067744344183167937157
0.34102751734100722469
-0.17534751471719173255
0.33517383567020986312
0.42072997571132253469
0.14277875513503002214
-0.36308678249084958001
-0.12145517549427425896
0.34966510350610113811
0.21213231975762480985
0.4384656896008978233
0.19824475056692836272
0.24091934491144961772
0.2730528085287049489
-0.44496863777941686457
-0.30812489263397513373
0.38008302189564835416
0.43950239695961601516
-0.42881604062755029894
-0.43440380628604258195
-0.13385691190810977691
0.063090787978517526291
-0.39185012945622443858
0.34364199771262937677
-0.40304975379600060936
-0.14959363545002507534
-0.41075969107200616115
0.39644363747166555534
0.3499932366645471804
-0.0051834149389088923776
-0.38403598309595243787
-0.16252316495372615135
0.45119463203402665474
-0.047436735560099252407
0.1111536704827114086
0.2740326922042731761
0.24337800868932257803
0.27504591966136915371
-0.34241747960008694918
0.28363465905437579284
-0.36118383332311365663
-0.014811053305598176344
0.35126721487565160107
0.041925141899047058125
0.12185166916378131763
-0.17951686626165758165
0.17087263882614778243
0.17060793080753067219
0.079089831239557373266
-0.0050197816469503830916
0.49723246408254162532
0.057948897044062031014
0.16706781184350549818
-0.31669437926568388963
-0.31291369330998314302
-0.3901563265547408621
-0.1388583879028051915
-0.11244126850287022856
-0.025160950642141521882
-0.48280478908556739848
-0.013414540678846509358
0.018832964755932657397
0.090304830681820269511
-0.09992609607105101821
-0.070607368007711834856
-0.49522411458720605459
-0.37032465327245911446
0.049283897843843682551
-0.47973846397581992873
-0.17625998632396816523
-0.10090069584084088161
-0.036996631987631367622
-0.45608609109625741773
0.12393951757422161375
-0.25113710394148841543
-0.0096116712343582988431
0.35214422243151655145
-0.084442351200328891192
-0.36035539505012947892
-0.4042448722286725582
0.39226535929770367517
-0.11602852920921985502
-0.10066121663726601554
0.072048970361336839296
0.23098943688519635309
0.39812086504268229259
-0.34506429863839155336
-0.49578573491607397239
-0.25450256380662589217
0.11967413450029906752
0.16063282011723778453
0.038747127782671531016
0.064778473319734852787
-0.363384072200022612
0.12737472544136796415
0.068734934557981075542
-0.35221269291980084049
-0.34434135647957703208
0.28183751670225276609
0.36696927657752564933
-0.31365741711958322613
-0.23038227958673967999
-0.21660615189799903302
-0.48370572956773028039
-0.068129716973584442119
0.32034520308544123246
-0.18002538972527287742
-0.2527033502309439239
0.15454884822334968852
0.41689311747571944355
0.45399035112587837748
-0.082110490874109820503
0.44612654789382655274
-0.36069941264896165922
-0.23442838852850872433
0.28650989085059797024
0.33178111417912070635
-0.38583426192008374311
0.1323711405725024326
-0.12148351501875626068
0.43273652489345759697
-0.30605562578158940212
-0.42112733874194085981
-0.48731286491962982899
-0.077351980295109867836
-0.2047951452751533008
-0.070307187154726447087
0.037713086917325999714
-0.19066412706025065438
0.39590820565805362463
0.10860654178577899831
0.46768655178274010087
0.20976669493212418693
0.48355448702452830112
0.10061536898179190835
-0.40189788509693324947
0.27377555857766444625
-0.22789971801062119949
-0.3278528462326348869
-0.43130123036827189287
-0.1633390937502682827
-0.21256009499035466437
0.22526352558710871499
-0.39479260867375515209
0.045113055598442364236
0.22673403060303742862
0.051320689280803244436
-0.08414762797024283314
0.15185670186767674661
-0.30196397754195564156
-0.29068313125703321154
0.097948113802573510966
-0.46143333876945963334
0.072251326816947125664
-0.3773055389670539328
0.17326089263437594035
-0.38109350580845141598
-0.15625138800744597933
0.095657097725349249373
-0.11009590283689552059
0.38601822207720692948
-0.18204244084125875691
-0.43337836854189215607
0.48093730433725390139
0.13303434672179947906
0.27585872772678599052
0.47132422572164001107
-0.064937893368526400373
0.4220630653241581598
0.11122467389536183635
0.29839768869376970262
0.029423596666192652904
0.042399519372322669319
0.14532497616342432423
0.24074999895172322084
-0.091191054054003684026
0.12670996854034644041
0.48053472240402561599
-0.13947784194173218353
-0.15894988846866359156
0.17249253893676530502
-0.016837192233044862011
0.42317097713024154348
0.38237406222371672637
0.48055270326281729343
-0.48713178839362508699
-0.13155757009697582882
-0.11098850242436869573
-0.063685470230426033389
-0.042053874001712066022
-0.035196739528141507414
0.22795646419348547518
-0.260386471761020033
0.21485190751190841318
0.45672930516387943989
0.44894877208111250155
0.25787899232422428764
-0.031692963902165749435
0.14104014708649181831
0.09898701670058840385
0.49519308580568865974
0.089357788077164213014
-0.40736028405013985365
-0.49276459189587190624
0.25106537281864504951
-0.31520116119650420927
-0.17264856151292728992
0.45600326123094936381
-0.14953096537349330752
-0.063460614579058716167
-0.45199857061002812753
0.39247673398136229128
0.17255507567633832089
-0.085531028827607935572
0.093321869658994138774
0.41915873388324109694
-0.25279757429298399529
0.47389481552992740454
0.043700206797926410829
0.074797670789284453896
0.024531894810086440906
0.078011811777052741945
-0.17280186434137467799
0.39180651115452413968
-0.36464043200814577617
0.032289127597255218305
-0.40308201169944102293
-0.2911670061758360184
0.47237746636083888241
0.11958321505359459369
0.20421177335999463054
0.24574360010546147937
0.16484789517250619806
-0.044337381454805202541
0.3945718363035183307
-0.22705381616041403481
0.19272304347308688577
0.0806588285021774265
-0.31132330960037524203
0.15805230954566906743
-0.32993031689214397106
-0.38668872584251984259
-0.4009272990224128641
0.094682342356261939287
-0.47418665868166692823
0.21372019920905593882
0.39358362822806958192
0.19262700020419831759
0.071297586647102395574
-0.2359117152960448216
-0.29416577708095792421
-0.094391143215452610882
-0.043665898997564678297
0.090475823130806709571
0.28642357957220931919
-0.41024311950064207277
-0.17681201590717793293
0.26831092125675748417
-0.42142025857082732188
0.040393177478389774571
-0.1580545707616058948
0.19575079444911669402
0.12634429893247756116
0.42534861004967183806
0.4635925248990976355
0.1998936212375136412
-0.041899997746175476898
0.45326174754762604824
-0.10771843006795495112
0.15997443847838532793
-0.052496048725821309322
0.1839480890573672589
0.29562574438620281558
0.041270750070073636273
-0.2517012209293283953
0.12128357905116271542
-0.35367946448707210383
0.46443771105722009285
0.036919297588275501454
0.20912597384943998335
-0.12232485188752167948
0.27871422391582534317
-0.0009193247224175138399
-0.12841367072292625418
-0.48317752010323772316
0.40964396098262056967
-0.067853508094192438449
-0.038991543323984301228
-0.13670712449123922916
0.086613504406586550033
-0.34158811790254250962
0.4883181337596548266
0.49882343232010017964
-0.14803853269946359861
-0.11072835878464076798
-0.41216452362756827998
-0.23877341474239704988
-0.1408114058648742839
0.22396111618827652112
0.2626820456714278329
-0.10621697512548922138
0.067250875819986899451
-0.23366376225647333964
0.47740495037482877372
0.13887388913278830849
-0.076788704780895056246
0.28515541266451938096
0.19249454021524736724
7.7474411372624452099e-05
0.018827481561894843232
-0.19810930368907414545
0.24872455218625044715
0.27930368798216187454
-0.19939202388163301816
0.086581816683199641638
-0.14388331946336940792
0.059715139539882611253
-0.36130089768603723677
0.31395180573695991022
-0.14374245630864940226
-0.28358907319109838419
-0.035844698423419363298
-0.090405895785216516813
-0.12752795751967765936
-0.33054837196854158776
0.46569723660021256073
-0.013525492399307892377
-0.46764687413130545668
-0.2752005148885682817
0.4947348545859903135
-0.25311203851097835438
-0.096349915050507495273
0.38642514095351521153
0.23958085012797325497
-0.11589267639195360848
0.42233499150035025416
-0.21401217545201628445
-0.2887210747425736912
0.31488962551081822738
-0.018426140024995596445
0.0032544782716258380262
0.32577423692806095623
0.37276244342003828081
-0.17822630424282820405
-0.073796364922180668344
0.29915602003657926211
-0.37140815160964224528
0.18716932226692506447
0.2317341166346758019
0.043461349384169234433
0.35349161666362294287
-0.19266245730200337594
-0.2446861418229774876
0.12396635184189919165
0.051629014487035718162
-0.3807912847639395304
0.0013623724118736468824
-0.22571786363129570097
0.38254816691923998473
0.13873819269865872439
-0.16722361905979282737
0.29500608647392689843
0.36450025646181560823
-0.45025650541626116574
-0.34468487296799965591
0.040944904416755689702
-0.23684147436051389279
-0.34360962572918474223
0.038354954058020029883
0.30659975266198791211
-0.013023147545770830114
-0.2422276327034207366
0.27140196884476208705
-0.11440060675751195784
-0.34263471525494160197
-0.30529026866217023883
-0.30964105627396543152
-0.36682440356257994818
0.34881663296998832724
0.27295746336795279063
-0.39493562713420843346
0.0069179337834961440734
-0.23692598846588958095
0.13722065062667510027
-0.010886586517735830082
-0.16858956545883280187
-0.071508080897363546224
0.39400656568294345483
0.15317433096786758906
-0.13185273320574647515
0.40286733896092097318
0.014801492299174490164
-0.23794154301868314372
0.051348118287138366789
-0.28847355131493107594
-0.23130098345906408008
0.060898845317040040115
0.27131774110785555898
0.46818549653736607485
-0.3486994427901829452
-0.052744982470231016602
-0.2553362852869277555
0.14356433674770496811
0.33022579856055023217
-0.41961725074380873401
0.087141730769558001235
-0.14211320767011886845
-0.2884068022872534609
0.070344785791367159256
0.44342884558973871822
0.49895219347679975463
0.036034268362243437878
0.10074525719827331915
0.3584691944897026028
0.23166697170708283604
0.16835442779690357185
0.089683957530933722246
0.26290369662414625473
0.13409426819610159587
0.40370751188053155545
-0.32392077504411248556
-0.066711222113781221132
0.4447818719749926375
-0.26106300145341843066
0.38034044794748622653
0.49790295136511097951
0.17375431343897163039
0.4709220987802319458
-0.0033468946030093538191
0.24624434388316585043
-0.36734005101873878907
0.35070652241070032762
0.44298334897505220464
0.14157575440360870012
0.27004948893351710115
-0.015371903350561544332
-0.083297946126956234902
-0.47022974846395360071
0.40817967512372421712
0.46834910529650419786
0.13585507498906279622
-0.35619581007342865364
-0.039343938555338631158
-0.42003290067452841994
0.27935729292985589378
-0.2372689595408155605
0.44973241648803019554
-0.25631123053174548199
0.13681705749506523073
-0.20369055092700155685
-0.040751893856228627033
0.1655920369626148192
0.40539886246923062529
0.41598532470360205515
0.32617912277584371061
0.17719453102924431764
0.27709506973072284275
-0.25356868216269362604
0.35071832217716392144
0.11209972969420944899
0.35315572162887831631
0.45156640172809403566
-0.45193481222471876269
0.2853150726712493368
0.043232058924542959844
0.33740344875060468421
0.32896116982945855511
0.24249888559512544628
0.083069171820261522576
0.099552591582437899298
0.38446546858955743531
0.30461448422345471787
0.4644003446595701412
-0.41757851444991189727
0.15046318231925992492
0.33025039165164715715
-0.22308080881635222736
-0.17765414181392297222
-0.37887173079541036635
-0.13876827995433133056
-0.30737796033834430265
-0.31392750955185622086
-0.062805093185875071615
0.0888489954280319294
-0.20517511690943324165
-0.41941507223472102028
-0.073713132647773238482
0.40067814227324050069
0.20851195095267260893
-0.024340126884533908047
-0.083140453818738357938
0.23531526098830402027
-0.078785517386275483176
-0.27134910946433798973
-0.21281566587959138692
-0.39940373771226211908
0.31322776394994744642
-0.33380717668292553268
0.29609116741905072701
-0.15409080415365944416
-0.18225743650423992248
-0.020045582206124179514
0.48992816436544428527
-0.15649092330983799259
0.085115671139320281391
-0.26932850208945546822
-0.29485100713229273062
0.18102400153344477829
-0.073896331068562803868
0.36898764711004528039
0.31250282191969058765
0.30391133270707371139
-0.20724452828072081889
-0.3491129293233888875
0.092430035521669506871
0.45834483041041462759
0.29391269950024068169
0.29615836285283470009
0.43123324880144486837
0.32920331334450858574
-0.39448712352066989117
-0.12881860884473755879
0.11925299618862461593
-0.24059382696072534324
-0.3606786019317950176
0.15359031366174535904
0.42550495476517613547
-0.15958536003374268475
-0.37217053948960343579
0.44525041956559463507
-0.27453953316237633686
0.40858985209155684881
0.46291359540550469642
-0.053216679460414140213
0.26950542566740087747
-0.47305333781757702427
-0.15154218186156337422
-0.47979980862529758578
0.46329694427653866917
-0.45052739555649906622
0.11951834338914724132
-0.43956120528435022043
-0.22003240218041042464
0.44186705265785708452
-0.1702069303673360845
0.43518248933908421083
-0.40451899038155147981
0.11466214897166637776
0.21926248182969043654
-0.091135789645891251975
-0.054092689012900430079
0.28570509408621369563
-0.34719153204689712222
-0.025601691027611894746
-0.43950784250495084082
0.16334105573928370259
-0.067802836653960529834
0.4229395953283566767
-0.18972435983491753309
0.084338270278104698896
0.056269460860400299929
0.2381302632094780547
-0.091549834166972099414
0.33805366413129478431
-0.25229495228857423683
0.29978272596599009336
0.4230856029354320702
0.058700376325544478817
-0.048586784226618606741
-0.25476584961710724286
0.38366633417963680319
0.33807872354019341543
0.040019836718248491536
0.0164453288117940577
-0.1780451173511118923
0.46928705939405790382
0.15784480942632428402
-0.087275426664075173022
-0.46480190885203698237
0.012081615623815156191
0.19064996814399171043
-0.25165062249309000375
0.13549276401730248054
-0.1845744297035437631
-0.26493353396540086919
-0.36210350919184475238
-0.0061803568031379985115
-0.14993384214095223372
0.098567214167369465727
-0.45047016269444462022
-0.24220626513759319076
-0.11385302275424646901
-0.33058912289232134096
-0.28109244831477231408
0.042992484254564145019
0.02207421609857329603
0.10470494566833099537
0.18379004917189101231
0.16751654261609838503
0.16887669805917560062
-0.29317730969047950396
0.17071973413016205967
0.43746544293010369842
0.44259783686400533398
0.050318056045015269184
-0.39759012529638015909
-0.0074694302095556497356
-0.4470257104833708639
0.060467381177458756625
0.26337060332131134732
-0.18054595666267297949
-0.24499229036939013104
-0.485167345609917533
-0.31828708643673642165
-0.26961348119572514648
0.10006336765146661705
0.43875195450747384029
0.054249549799953555862
0.38086011425060506408
0.31519985697813113212
0.048554622561418958604
-0.47692202585900012046
-0.11648859894666724335
-0.00012036820942645798382
-0.17273441561052338411
0.17777183066217372431
0.30663022513425686189
-0.097626814911149772946
-0.43272065112840929491
-0.2627796243749245253
-0.16776436021306595503
-0.3852391588284617141
0.1674691500229653629
0.17817203776760837108
-0.13406837809284366525
0.1798387172035994519
-0.021810394176872027749
-0.33211304501152216773
-0.34433195388877613219
-0.040743038570174527901
0.33323447105246217781
0.033796726873297822102
0.30700182057352720655
-0.22667262525474046742
0.067202899821415140735
0.34721095993727357776
-0.034617215984668492368
0.44940341862389598937
-0.17023924638631171558
0.097311665061002527999
0.19881229150489654334
-0.42746373129439951821
-0.14802375807803841434
-0.23261150151533527275
-0.37353351596885286945
-0.33022577775136380263
0.45648316458329729617
-0.094533380607984163202
-0.24454499366385218373
-0.34904522980779506547
0.21925662636372089676
-0.20297750533255698446
-0.35770595487200079754
0.40180930587654617447
-0.33194021974832244037
-0.46221714900433963358
0.39592541041029516435
-0.078586880322585150882
0.33887307726426318943
0.029447831563908621888
-0.44267146479605229414
-0.038927320577760937681
0.33749806762841583208
0.14391401189543306938
-0.088840991094314092358
-0.12410566239282672107
0.47003464013290330303
-0.022736240190996015453
0.37381703535985655318
-0.49321361290411591671
0.44291091875883492612
0.48693856391521528337
0.48080441317388955547
0.02041290363871306468
-0.070815256005715754295
-0.045190306390676948656
-0.3829817399339483508
0.24478127057715437509
-0.26335783688569608385
-0.41406625678234126875
-0.47812936917566234429
0.11391904831194732406
0.1305506762362556028
0.40247908382443398079
-0.060524660419779996445
0.19196870259855269847
0.06896643861749118809
-0.12054816940585044716
0.45590943825521357269
0.031639408610776076358
-0.23076605859619353511
0.3604022221392344516
0.11423353630495369782
-0.0083732541463863996434
-0.18059433458891227531
-0.44723433406441670535
-0.054318184339256447846
0.32762697749112157375
0.12794153738539193466
0.37990186848456131141
-0.20412080313703329093
-0.063869874964045336707
0.49065142113843895899
0.35838987306033553981
0.0049559637988342286619
-0.45186494205034716254
-0.30363925681847303562
-0.44129730213364004587
0.22775785625326627759
-0.17980515313676398437
-0.27877421089814835575
-0.37442185995090837558
0.19167405024560235649
0.24244977323891681031
-0.045263969976799378614
0.43727029113847104558
-0.29280479010847304533
0.082066269790544432716
-0.24058401057014833224
-0.21616860389469527703
-0.009129524033993363652
-0.36600402866454712081
-0.40971788083897731081
0.42474402999616167609
0.16771029590487773753
0.15933952712268417695
0.10397461609203473287
0.39618076006562186198
0.44746439156282669103
0.10911761566786537525
0.26266990451430327624
-0.085412799220581370196
-0.15826529481274925759
0.37248116298202493812
-0.39940105571668588214
-0.40784713055205268351
-0.27414348498752183492
0.38624695590342783547
0.48602331655525365939
-0.47041434870322929029
0.32621756580361138678
-0.080418450106048700032
0.058884595772448755646
-0.28821787638783080698
0.40917443534338271416
0.2977534311933633937
0.46803365358149884301
0.44627439523467116178
-0.41567871620378554764
0.29237024112020226774
0.45514456058040686504
-0.22320574175927992977
0.25359525891772061179
-0.19878325202259250482
-0.37672140981523255521
0.21713335390369126188
0.055391761478656431628
0.10361288425123937884
-0.050861319194979659475
-0.24079514425083625717
-0.39050288187339854407
0.226727988887214571
0.42113838087258725906
-0.33092790292220253257
0.098882903421176226999
0.35595257629640264518
-0.40709293562798354316
0.40194225296219865395
0.22663209390193528314
-0.33175856157400901436
-0.42047298854127868051
0.10980174489303451413
0.18317661355710634918
0.47944757502111434722
-0.36003921586324849624
-0.4288774400240515372
-0.22734863699923907321
0.33964655060882087412
0.09148505302558307406
-0.41164834106976866401
-0.44686258222533997708
-0.42497508293296615278
0.45863423101591660469
0.11948096367934213369
0.12825619868328197448
0.26419369093997546738
0.47289218089751727803
0.0043266382595926744514
0.39683815009167355825
0.43470404438244958367
-0.11681211557876886031
-0.41139386480677170299
-0.37350193574572088107
-0.4768849940180309166
0.10246966039375604574
-0.30194347326381487662
-0.15339573348963825294
-0.12182993214889104028
-0.085010361029368541885
-0.11708027484726429845
0.29091665340087302649
0.22922820209152905413
-0.19819157924786229286
0.30258751678181361466
-0.098266658148524421712
-0.11628975737225843989
0.38092535687024264845
-0.29688837631265496686
-0.22216511867149385528
0.12478993746744759807
0.1528436950319059795
0.49071290135111289565
-0.14661550785693650001
0.16206529099102151559
-0.013808491506000941662
-0.47160398382744056489
-0.20751498895254227861
0.28683524001885296606
-0.14239440056719093741
0.079052617144251491332
-0.048178415381272321483
-0.24433483867767036291
-0.17769151998278137627
-0.033162355999881931723
0.33248448711960654212
0.10500304604373966733
0.28513152434011512781
-0.29982833825538052208
0.35605129950712277598
-0.152996592095691053
0.20809780126148769153
0.22755151360657122073
0.20749913972385658489
0.41090469314887945185
-0.42433460603635808628
-0.42459171807394419096
-0.4746382449673722248
-0.43844107109474539374
-0.30604589663945475086
0.43672269733908342104
0.089181681514790445142
-0.48736421831804960236
0.31259941702105775718
-0.2721439127648132561
-0.4320992790895797353
-0.15735397578513860006
-0.37879959056131029538
0.33052933273345408427
0.43447836307372844633
0.3115571906854817108
0.31650664450649412807
0.46888229038998463505
-0.045175122246182808361
-0.47998319562988062126
0.34168753789003369903
0.036901258376918932846
0.33734642174287576832
0.41706745132021960654
0.36755054312488288915
0.12474461448354967619
-0.4665234066944726754
0.48107138400337379203
0.012065944365254988035
0.43865869174785054874
-0.35113926548563478836
0.24849341605448649339
0.38145071934693663973
0.43239516399262711843
0.35890394445676532253
0.42664111992382758309
-0.071643518523869742509
0.10759148686451602828
0.24952721274431000076
0.37483879662863139881
0.32568364475134292668
-0.44833242455882710287
-0.23446294118334032319
-0.30469579816833591845
0.1290061575012756423
-0.19918823551560282947
0.15215009361315079417
-0.091817721764757553871
0.3620939548304857869
-0.37766867561728512115
-0.25760857832612293894
-0.46253375418699960164
0.048785818501864142149
-0.49129476787879711175
0.17375772084312346433
0.40951769389387160381
-0.45482252015256036115
-0.33832837679095906225
0.10536271279779241272
0.005353870263389848283
-0.4563026812974806945
-0.14306431577126149657
-0.14506354787241321214
0.11050335442711056722
-0.32358406928812522008
-0.35147732418209265415
-0.32487279548343805935
0.015129363895684644348
0.43251924098943417274
0.41192352381061181354
0.42012672430625341846
0.49212170426711210336
0.45147735865957960844
0.45085447656318700105
0.21232304438594706841
0.45954677195469550988
-0.42313403392409987269
0.31297632874372338652
-0.35297375652947604596
0.33726502395086777053
0.15880838225876836578
0.19396261231147893245
0.14048408785967048118
0.16974802820429624184
-0.20176117204901161672
-0.44594392702991864086
-0.082149410247705667576
0.35544332421771474007
0.16650589641480673109
0.40628588042587387985
-0.1869273544363495021
0.054068692101390314342
0.47917321059631257096
0.0043521048556868224821
-0.42051824768408052613
0.21813192314379503678
0.079187644507597743093
-0.02510421887234293159
-0.002202564094761327862
-0.06444616884188791861
0.21865419472930924805
0.18406915432012171951
0.1141289374979916893
0.17323000403647625944
0.34511493317316110918
0.01414601742765997372
-0.31517008779121119533
0.49455530241492806631
0.12118226265593479152
0.24801449432201883027
0.4977335229949302331
0.27130682998103250458
0.15942496760195290495
-0.13222852745259860985
0.3112999774225729821
0.21001353887143303645
-0.25721506377829184142
-0.40524829387548338966
-0.072634269715898147624
-0.46433214196832972576
0.32295120289867462748
-0.037458660192016546286
0.060646336450001503415
-0.094803565315795979007
-0.16364421568290177245
0.36172628245621618603
-0.033361938685149972184
-0.38038914021895037232
-0.2078203814727157539
0.27620593382518787706
0.44543465686939165415
-0.23638420334494819608
-0.33192499423980120765
-0.29713082805187407409
-0.31532142101389504241
0.25662539719184551679
0.038541328728921242508
-0.34350000659518231672
-0.06234898417564299633
-0.10079724442796061945
-0.44500297490138684964
0.4963887541788336577
0.095097255339313901956
-0.36743156644707419822
-0.4664422009859359175
0.051523219015923382713
-0.29407195644825018244
-0.39898661354671771662
-0.047461812841973982646
-0.35544360092944038421
-0.46719027574390487034
0.35558555706991012979
-0.28790549067375692527
-0.21103071292745845255
0.35629321293707105767
0.10231706044910671149
0.43196403722281817572
0.050142570588646129259
0.2675844556216326886
0.17488103638322705091
-0.35337742185706028097
-0.47564898662415233677
-0.33168168216254101388
-0.31496945096646467022
0.25287620122500487074
0.041598036279669736714
0.27172374072887051089
0.11517735336116363687
0.14444070742978964983
0.37363459661252973465
0.34409302340527958552
0.47821565535586019191
-0.038294353559442273482
0.39155530655396331152
-0.30693443481895110736
0.018375610537392006449
0.1240205110415877332
0.44453866389109986113
0.28519846313528673942
0.40939554175991910157
-0.083989197449378993898
-0.30618327018076846313
-0.48974181322425358598
-0.20307384146578766337
0.14254986029471561348
-0.44904098457108643228
-0.18987131304947435506
0.29271144910427671082
0.11964125009073001138
0.050424505977136324653
-0.017358333869960829166
0.3676304252780989712
-0.16541305120021282393
0.27297083861000726035
-0.20760671493054977388
0.087418429859622892586
0.059464044161041340608
-0.12668674912749383621
-0.026445402929414885129
-0.3879806603096606632
0.20053545086133806041
-0.021349801819340763487
0.35675161565833224397
0.29173770431225853894
0.012909890727183848114
0.051686905988032494363
0.31844811277526963167
-0.24544118404719850179
0.28683502040091546359
-0.14843566375441707983
-0.37634083413533969686
-0.22905289375328857782
0.43496447056765441541
-0.30699876364952149999
-0.34311060144603422462
0.27099255570340563537
0.2869688849903372363
-0.090867959083223370786
-0.24758822858154372337
0.23340229227041875415
0.086717271459859746052
0.4758616475167924964
0.40436010982098691269
0.023021028880247484949
0.14198208531606715255
0.37380875337484986698
-0.44522465589677012732
-0.4397792048878372273
-0.2077036218902266751
0.10163048023992793389
0.42200552596331331046
-0.12576018080436940361
0.19332941072691089968
-0.42809871128742466029
-0.3501564164210801966
-0.25402466785897792612
-0.36465337551705867547
0.2301056624801368633
0.098691587664874735886
-0.30004598834614609748
-0.28121300469610721606
0.47822480381458176701
0.36064099951805295152
-0.073907866669210176003
0.48117124520731946458
0.018729352123742826208
-0.013711693825259774204
-0.040636253404933875277
-0.026097141529185741149
-0.32458666231225075105
0.030845225566196954325
0.27719408906247600122
-0.1293551766523495794
0.18561047165597199804
0.098176215774839925565
0.30662378338239015818
0.020248382622427674171
-0.25791994914058041788
-0.37597332380520115391
-0.24502666589627264404
-0.26837000185409781716
0.010710906966228228576
0.01293550367067097806
-0.21842172931491093957
0.33275547650945058731
0.11738303903846480924
-0.14175232772634444034
0.26679647790275640151
-0.34436501710027822565
0.45406943603187444047
0.18684666270248218023
0.18854765431584619151
-0.12621101219585045827
0.14929890682895574638
-0.16425767883816982939
-0.25212081612960590693
0.47318401028617129711
-0.35174779003472955718
0.33100905673506419991
-0.37302358971373283936
0.15024088365878085494
0.37634868706047808207
0.4284120531785754471
0.27916694382276319164
-0.25332944727720319023
-0.17719830737097713724
0.26661746445642175996
-0.45255708297790414596
0.41501749502870999287
0.38574778326372616277
-0.32679711336224182006
-0.24336693190042968382
0.22007227783814875544
0.034985916901074887164
-0.26087092474346129656
0.43032792987123835715
0.082068609545809190209
0.14891101190845879021
-0.25834901333618076613
0.49393578297494600271
-0.35426781133110030186
-0.17535262802392037607
-0.45304387412910346322
0.17732282077108152407
0.31860382038716295039
0.34346122648402888089
-0.47933181187917844879
-0.39254516515748599792
0.081706579009609980879
0.46086388632588393133
-0.30912726086104924672
-0.139093884132808987
0.020181954417478387143
-0.036180052428774478468
0.45599806115021257469
-0.46591880146629466308
-0.37655113609829743426
0.34708165976421623267
0.45924757294257123608
-0.23295996234035853956
-0.34963708465712317608
0.1063154754305057903
-0.12811639082303505344
0.37286617347436401548
-0.25017968992091010882
-0.37805968350206886619
-0.11773056255389391378
0.28618775595186873861
0.14970156167177417483
0.016798715220197268927
0.1931595958509086941
0.35630694289479669656
-0.067985503998474250409
0.077442782584064784324
-0.1215603086866578475
-0.42606685874229616173
-0.097714860397239644563
0.33594084397459134106
0.21104824362705754126
-0.48216878360223081046
-0.005202487513971731925
0.42547490463324166843
0.028398836970383700695
0.34643914896926930602
0.04400045237246330565
0.099658070266493536948
-0.48671700467312228877
0.15716902020333112233
0.4548960148638458989
-0.15825689596572695139
-0.43545190263796734742
0.089053973709518952084
-0.10041928148829537548
-0.28672654845333334084
0.39953187866632899894
0.12418225407790473014
-0.31885471229736317422
-0.39134976878950222812
-0.15472420196421887706
0.32298641979600339891
-0.36839299946015069409
-0.33528979693680682761
-0.49132517631674754721
0.27539821313397594427
-0.16256768768298951455
-0.082218699780584048042
0.31246051239966488033
-0.14334904771120121625
0.48465563923382359857
-0.17419714881063103062
0.30364896899488402759
0.48182491659551707208
-0.23658269688776090156
-0.36024067204236187578
-0.39368687586046491322
0.039180981499804867774
0.16121780906436300462
-0.18946468603384847285
-0.44607207130341891554
-0.47327009816512022322
-0.20825217861170719491
-0.13547061163219881186
0.044051449081425775312
0.33717454216845366144
-0.33705585903682666604
0.2688356955862483133
0.14565758008307316818
0.46341171623004095981
0.058167450409622234453
-0.0032463321019679525214
0.24627264119045944035
0.46850647383036736482
0.18361234604616727406
-0.19010694890014134817
0.064216514855107820203
-0.30125060369984646425
0.026862044549397778859
-0.41593676167598159221
0.48480541160943957379
-0.1614563757392540877
0.18137227916385745274
-0.29363695222973745791
0.37978365315186846107
0.028477166006068754811
0.46325208102180526204
-0.067243694425959454897
0.42768628820527487822
0.30247327986131045119
0.12929428101971385257
-0.37139767722091659996
0.37276030367982115887
-0.41678990234413287874
0.33288872509550238021
0.20914246547732040504
-0.29946697838144903381
0.11262630966076059291
-0.095800267700192343057
0.11079816720873414404
0.33679484289663186303
0.27023399906699796524
-0.37549438282483060814
0.3054842633724947909
0.46888134626391619886
-0.21520017157834764321
0.28371122400255710527
0.11808589090159904433
0.42743013663330930996
-0.13650327353242591721
-0.27867934649643572032
-0.4087453946125916282
-0.14294046341504274
-0.16053423068917088701
0.38303259468670780574
-0.40587305400456413773
0.37815936954574158602
0.12237671488452916968
0.23608717489140529366
0.377198290660115787
0.096268381655304824385
-0.18203139589437078438
0.022552277466230674641
0.28389541953739250157
-0.13721866968648027685
0.20627461742254027399
0.37094194055594775783
-0.29779642675021433806
0.26019203672503321556
0.34893660503613299628
0.15595569093297878549
-0.27331376660426220937
0.32669022865786445653
0.028229907381581154091
0.061524618365047856194
0.30928954045133305595
-0.4346828269681866086
0.054044002624192510886
0.39228157410311059738
0.31487911470518747947
0.17144434866874025403
0.3260568266112228164
0.039016331973454665416
-0.36118509899401063379
0.3043098921932836376
-0.30310315058460579607
0.2209655637339019707
-0.34370514151594794283
0.025305991854698506316
-0.46995836525016077001
0.27166431940761004427
0.030783082057150079613
0.29807399395321965141
0.45161245119256632208
0.36564795694853025054
-0.13406331588421693812
-0.38931417342187424335
-0.36612991357434138129
0.044073920899894147851
0.21997713868345281085
0.009180785761672360934
-0.11617309768769179534
-0.47923982147626642547
-0.053225592872829852187
-0.43811669200782582534
-0.27171642902955994714
0.44725901713989368869
0.24915010443743723645
-0.2627786550846552549
-0.11382878287057862643
-0.098596091301142108065
0.28471201197021234197
0.49931256113736199875
-0.055643066268212193481
0.39213963651593697346
0.26922081111974927037
-0.48503016356382788743
-0.30639848583809459193
-0.21574091218754998245
0.19085104152255449872
-0.27453305558325452607
0.072906640317312088051
-0.3152155479279362682
0.40638603664937855697
0.13829535418377558731
0.37796173945368960467
-0.20487028946158408749
0.13952008120760206467
0.14875066577400897216
-0.36865545707045616064
0.095691493145269257425
0.36505167227518320328
-0.42187584447660425591
0.15773015687073710378
0.30863899277406170452
0.33139074073684138266
-0.37057868424757794967
-0.27909834032832459005
-0.10723117220590983045
-0.32128797938737585493
-0.14543593485512351648
-0.10987850171994884008
-0.40265770434210235162
0.32887899178794488542
0.064389847052765070146
-0.21441556320811033798
0.1355098206948848194
-0.16999508193126389166
0.012921489301890298762
0.29853816662423460215
0.27836165428406678402
0.44156940638930541887
0.42443616731303179801
0.27723515223439276767
-0.34614136348643931296
-0.3464089390569421445
0.48132233762801901467
-0.0052056819198285642081
0.47534265271527498253
-0.14330598719838194555
0.029388227289035895318
-0.19038600260093502259
-0.34115245955595097094
-0.036762788637835719374
-0.10742985779162234072
0.16857640573882859414
0.047804827719386433493
0.03948339614622231597
-0.18058472952540621792
-0.15400692883385208587
0.20579346344420412773
-0.11278472929555061199
0.27495886795325030771
0.19990473475470205145
0.023671138883382125684
0.44048734103768549808
0.23965415779772936133
0.23350576653792420867
-0.32862312677031479957
-0.38636868817375324969
-0.16603267984288050396
-0.2635668035570785106
0.28216449469709281583
0.40108365936743428648
-0.42249748854190982694
-0.25593427953587499779
0.21834131874451390143
0.22419512424911236526
-0.39304803039426966516
0.045603510370108013561
0.11203590783425054767
0.029589698579269962941
0.12866403556394412355
-0.31581283330858883618
0.061295302199540047106
-0.37679279522248237955
0.37648508355780085921
-0.092618060622726205988
-0.29557938800414218505
-0.18323071062013279731
-0.26558612776002443745
0.040322821252875007403
0.087201426849627394766
-0.40227621495669085849
-0.43527866468654868859
0.20794755873740444763
0.24646120895646750348
0.48660433370029965161
0.28327008201393044651
0.29973835617568778122
0.093175386751062183599
-0.36694499884843617687
-0.39748224186310515682
-0.13295396955516280979
0.13081925508014136117
-0.44285363671270255859
-0.19201891127456582886
-0.37121654801131631629
-0.25859997402157586244
0.06070035280032959335
-0.19669419724699571672
0.45481168300820018491
-0.19370223773375522258
-0.012359929881606113167
0.48418056461508696131
-0.43583829276069202541
0.087467117520869330782
0.23560002520088529909
0.37567769703180087237
-0.17523105988562176494
-0.47626172724792670277
0.49139915333016193077
-0.14099789862251932426
-0.47447361827612111185
0.2475125905622330702
0.1337084421877905438
-0.39151677485154490199
-0.16983897551320953356
-0.18568381407242817716
0.34652222851264313785
-0.16995113652502913393
-0.047496711576379468944
0.10170044829219049287
-0.36396055925217757343
-0.30852262626088072794
0.40847612894182594445
-0.34408432807892852523
-0.12244799077643353513
-0.1750852027715967818
0.37343404242692057604
0.035764003188240134357
0.094177313318533739661
-0.32827908894290558361
0.016830268117669522354
-0.26419220019332712024
0.21045204308684473116
0.17406084843349522995
0.2189081484371048214
0.47607112544523133568
0.11481672534967446442
-0.11379697848545755612
-0.25626490412703961663
-0.39917140096845415975
0.12698285252518770605
0.44701848064744065248
-0.1079464262085842452
-0.088020971272998849155
-0.12529543848224899971
0.47940078343946868067
0.37092937311711959847
-0.053885552152709348395
0.097473823430027861647
-0.09828870230665387453
0.45886339347556737156
0.073329344961677200843
-0.10655728319717361341
0.44465523077550239694
-0.064318362152233854445
0.27416193038931579995
-0.27208075921070473679
0.02811234575397392188
0.036779312658999252506
0.10632332726637405695
0.37271607725786948251
0.38343362142107706436
-0.093833477719057423183
0.49487132604724248797
-0.26919404729286050548
0.17926174904980229918
-0.0036149607277884965306
0.39355408237023870033
-0.19832781575755842329
-0.072790127062855869422
-0.069741730957775027733
-0.10910312499030444533
-0.23057019682468521404
0.087927374166721028459
0.26177683187305100798
-0.38586647799679441029
0.41168739926728303846
0.21763575283251446191
0.11627549341989751319
-0.36854660316423065725
0.21096002369221134032
0.43688893465584144327
0.0051262013860361443918
-0.012229298937245447476
0.12346268412340954956
0.36067731648387846288
-0.32819246161835674558
-0.036538802104582046582
-0.2818821607831553111
-0.14504778028131715129
0.11108675451484129049
-0.4290431435095202195
-0.43321046169525628811
-0.17707727652822335962
-0.44512903675403614479
0.085944492498447710993
-0.34739008622825151562
0.18023716430732772409
0.36301969051215199347
0.48869938607821206134
0.21261395096417212702
-0.10587337253231010603
0.4863622865980578025
-0.15579628617943191982
-0.22125137480594331274
0.029322866273130077097
0.061994198294254787562
-0.26190227539095722875
-0.059606525722589120964
0.12506112397058344321
-0.17223677281066790412
-0.039065989538515755175
0.28406313899778401488
-0.41711723491537439079
0.23307752981768270484
-0.36732610866034720587
-0.28986555410702075086
0.026333977543992581616
0.27048608142030317047
-0.43626253482220345159
0.35133220620353078356
0.07821123302099730612
0.21962388944234789712
-0.25618182693168622954
0.20581318424433237002
-0.18670970884668830481
0.38975350993635116126
0.047910531098078412704
0.48605711187998801304
-0.42123827728690088623
-0.15892499148263711239
0.095826245494519901591
-0.3486701270847530898
0.43784885062038536585
-0.20191383987453526139
0.49341001754238322796
-0.38707131065317668117
0.12368697667532235762
-0.37465373564862558542
-0.3856985921102376591
0.4292685809874622338
0.48592227493552042628
-0.30732795869214168949
-0.073516632953435134823
-0.20798359107644442956
-0.25907210860182761092
-0.2143076747810280791
0.27987692228484750689
-0.052015847580092144931
-0.29073466651592749788
-0.4738324632713512008
-0.32617308886046303407
-0.22534491236301684713
-0.4767932009908567581
0.2812086340391712902
0.035217296594512337293
-0.37325540436890392026
0.29842373342898287358
0.44710356995387146029
0.063531696284413907705
-0.037564176941117854991
0.36559322330468657647
-0.24190115472616602332
-0.4615598601049827332
0.0097479267636245703343
0.35924956171474198285
-0.24008052988703343367
0.35517159402834852511
0.41085037569052618167
0.13514325014250450074
-0.34411603897924281092
-0.12647245438835830189
-0.38143899844099432572
0.2195105433339410439
-0.088755800626706238265
0.35712121766029547576
-0.057279363043121311883
0.1115464139945966382
-0.1223189335961206714
-0.087920512401938266667
0.043208565359416528651
-0.39516990956064507179
0.39945510370517889331
-0.35910756715037095432
-0.36065215063464300949
0.45346345708061430724
0.070436470267489781349
-0.083284791570645333447
0.11622162666372715112
0.11493237582376392147
-0.020849421914592658478
0.1435216635428688825
0.15641939743743371594
0.14832924630274213484
0.34288367699633115482
0.028630270092786069824
0.17166266226995929856
0.42598338023045811962
-0.097665879561737001247
-0.14789440739289094751
0.16909173612631567263
-0.43013884733444179842
0.11715751720213507525
-0.012145123026260307153
0.2018693668041665612
-0.081326012682326476178
0.060989888520402768535
-0.25624861313479119218
-0.14621258676533721577
0.18330730524109883905
-0.36921458486215108508
-0.42275231061849932734
-0.25358999073995636131
-0.29537455475184898335
-0.39406584185709336854
0.29689503697911923119
-0.031298776913710080194
-0.41071165866955833268
0.028383677582464850175
0.3722150456975152899
0.3234030953215458748
-0.43177145788459714293
0.46227897057351596821
0.22808016023186705734
0.40009471927343664976
0.47190642793000081578
0.28712272302299524096
0.061371131217458518847
-0.28371558680131903074
0.41358067738013237769
-0.19700807284437432676
0.11294323921756177498
-0.12946138004857388193
0.020743784849093116485
-0.18717121394158914294
-0.44973082371057421236
0.36891662355585386202
-0.070974289606069274061
0.049864678511554072493
0.0149411596306796568
0.0041861431582271846352
-0.13656111045099955659
-0.21798750702986136041
-0.1131002738814480546
-0.15206185007126510333
0.15890755667631561998
0.040359688113247971231
-0.20418007466212184653
-0.20083673374949562174
0.20737878312047308693
-0.40496798859765908984
-0.32712242002997338197
-0.34255791209961250487
0.26343341980218026865
0.3345242047667683627
-0.32796348281718701312
0.046646342901653037316
0.16349860780529723581
-0.30175194360904789015
0.12479484388901063152
0.48779375507617905861
0.16474637177392303933
-0.44996691747790468208
0.47583363139266232622
0.063477858274141429895
-0.30657792195460165097
0.33233813198925310495
-0.022359063636357812133
-0.3487941206825027618
-0.39205899198608640255
0.22361928743026293631
0.24170238575644475976
0.31544599673596351863
0.2414872307528668216
0.36068002981222646586
-0.30697425856475396566
0.27216446037217001397
-0.47840420101945252407
0.085841398301560567496
-0.45027782583756159607
-0.22857803843775326147
0.10769433044045273462
0.40205704350719495555
0.2683099359367580039
-0.025925151212008779034
-0.020054532466200092333
0.010911798832217600719
-0.24094037457169309446
-0.26035627967266572469
0.41353320949933924933
0.021009938478271705797
-0.045788134721091111601
-0.16663393754991240314
0.35661351348018677232
-0.098101609438674131081
0.35822811894154071855
-0.057958707926833330504
0.29758919758019841684
-0.040716901195310462036
-0.087233409917184090432
0.0010585129204117027513
-0.30719145725335805786
0.47299089731039756224
0.30480383352719409018
-0.11700418934996043019
-0.38188969702340191947
-0.33233017617622395701
-0.025354363207607588659
0.41269984395235803643
-0.31512967902402011511
-0.191018789907322184
-0.49566345859215377168
-0.44196253013377118091
-0.18814549566343985454
-0.16602260864299955845
-0.092490227888887666108
-0.033941235122123269985
-0.41602291072212060907
0.10892765091326683802
-0.49370641733157433206
-0.25405262163377861917
0.35166800376633955416
0.45494651511583183989
0.22279561270536396567
-0.037856875343122098343
-0.4283748918243870385
0.056907251283183191148
0.43654081623668405943
-0.44135812404144708632
-0.22822328342704539805
-0.23797890037400298846
0.29946195817546439333
-0.42027023465499402377
0.11703261842949042038
-0.094802947107433421792
0.36495283552633328572
-0.27855309189526450409
0.48461287835873889662
0.28122098432971875948
0.037323253752789553594
0.47171515269287089822
-0.44671531164259825619
-0.44813097308963734111
-0.076037398917271015186
0.32738015357853889054
0.43952139590685157522
-0.11760623049083035463
0.41051867207165027018
-0.044606608742336961715
-0.31745533936851089152
-0.20755031689614800161
-0.015521567562701399368
0.25127135748208884181
-0.25394975412245857083
-0.18814418637049301619
-0.16948140717983500858
0.35016244705207377752
-0.23861489791887846579
0.0032386054423105825606
-0.1769166684008640078
0.35112093512841302534
0.30537879865774886223
-0.21544621170327671322
-0.27414648349153347695
0.011219234656800303185
-0.16221955007048921571
0.14414820447371423651
0.089925465385807368257
0.43238667489600390859
-0.17280307030009700586
-0.40069373435568783615
-0.10053629682416614921
0.21542046374132184372
0.17411483794547788495
0.0074946136553530884328
0.27791706759783718628
0.0018531246847603988215
0.0024629934779062390149
-0.28313125408793904381
-0.40062060579987074371
-0.20232834088067691569
0.010306335693732959768
0.045679015807476019972
0.13631703442575504592
0.12388339129465608668
-0.41882103216662425194
-0.046667473381703683533
-0.14377487615905670815
0.32612079238333158138
0.13023171941698108434
0.303082161082799173
-0.22363651954749635964
-0.34113223813371934545
-0.23598087247107735198
-0.4745463948587940739
-0.17828377986186927373
-0.16305734105878594287
0.20395804128704719815
0.41930712969195527151
-0.049928811826428554088
-0.34911638628523988803
0.00093926644856945351592
0.36754266715632988305
0.016452957956237468373
-0.35910774417213020548
-0.12035463058752637888
0.41419043863111726367
0.3829660514425416995
-0.23206619222037055961
-0.32509058324212347646
-0.45532154050849937832
0.076190007088390299117
-0.37720893328112531373
-0.33458587923281823961
0.097271232524960837829
0.37065394695471931552
0.32102015996374111406
-0.14556389918722895116
0.32625406343579421709
0.46138756923429580237
0.16239898948357955888
-0.31824060394763076243
0.23130322737953856738
-0.22608853979075660412
-0.41793608107536556195
-0.26425894805214122929
-0.020243014847982465643
0.33163864632527972898
-0.46065255327541565489
-0.16557866072963672854
-0.47154090232428724772
0.31453658148223462288
0.23042552450275577414
-0.19551262930770707538
0.24575144226331302466
-0.46538383577323350071
0.38394489278142407418
-0.28114707429944435502
0.28255449128647780466
0.015958056977585233227
0.085353250234330380053
0.32580932807673634866
-0.30108822096487219966
0.18460013577380496308
-0.18517408003158708496
0.31042792148679254627
0.00084420264625473251385
-0.38296692610743554575
0.26597724608267414581
0.20315851940284634924
-0.4092845190922315135
0.026625326194241294431
0.050020275977172179438
-0.12067282121579070431
-0.097857550185659836206
0.22235798881428525675
0.16544987043358305723
0.35472886771928213712
-0.033006780551485592756
-0.1239546072075010108
-0.077365795635125578222
0.043682002464470515157
-0.45097368475099303131
0.11527449386345212101
-0.037314578959597943797
0.24661873490581565083
0.054236841152445203207
-0.38935350526125039883
-0.34702561392623221259
-0.11225685838188781407
-0.05732358331286918629
-0.34788260440831397791
0.34544124186492786155
0.096059420571554254842
0.32860301018467763523
-0.47381201747590762086
0.44921452087219793103
0.27770322237789724085
-0.010326242349501191242
-0.14803503859400923837
0.32782450991194278522
-0.48393437861946997369
-0.039145075432099052382
-0.21418832959396671978
-0.42746017851204387572
-0.090177295051321659791
-0.030726833969092093302
0.24438896582410374325
-0.26405810060471412992
0.24155333409665491473
0.44446812412771563583
-0.45092263427624734717
0.26881853181360071403
-0.37433534190904532712
-0.13563260002609234256
-0.38469199037835805077
0.40170048119614054638
-0.28364464910273190501
-0.12716534929681577726
0.45046013592574352113
-0.0526011781301033432
0.29105911488624225392
0.40020138957653872414
-0.39868080198474431519
0.38683356118382161704
0.35565502519259184488
0.42715112914349495643
-0.095191782041241734813
0.11461367120871746028
0.42612494754287055798
-0.44150629458122631066
0.4217968397128697422
0.32547544864339350568
-0.058654856451928416572
0.14053081434615366518
0.081587015951974817263
-0.39196771630508464579
-0.24084391355049333816
0.25218148452220345845
0.28654760200164319794
-0.15080205772417015764
0.32980985231323867168
0.41334773760395027153
-0.28601173147375391626
0.049865099830805115211
-0.444360044181749958
0.39730466409821707519
0.49332338184084689736
-0.28365761866662864144
0.38197026270157474759
0.18464314815259097458
0.062461459274676722764
-0.15809532759630767762
0.1710846191947268391
0.060663009960684299848
0.17532130636151566083
0.4775317837794280651
0.31437543257162392507
-0.29596774046579299444
0.0085233273890152894126
0.37519051972236017178
0.095180464574944445566
0.28043618983102935882
0.20746739229590094311
0.35407854346554423763
0.064720881877924685277
0.019864872281373346929
-0.29077126148875054312
-0.036193918491119969616
-0.46712860766571895343
0.26075666548943421397
-0.38606249141276754999
0.25635035127865613003
0.44977873878266794172
-0.38233779091210179368
-0.18607670079774452088
-0.27670757655495170635
-0.28478216744202899946
0.1877200072161104849
0.22842366492001853207
0.0809957910125831404
0.44314563813209828513
-0.085302988835812554314
-0.31105355556780467374
0.040695169647840367944
0.12641160017392250037
-0.18834080673451603083
0.12460797727493633236
-0.28781953610955912648
-0.023337390362075327577
-0.015668431269278915163
0.15142411473902195329
0.20933634652453436686
0.31942635982606093492
-0.016249251405071774013
0.045853254399585319234
0.032346563761392221892
0.083038422606423911709
-0.11103947059919588858
0.15966289095440600043
-0.054266635561396048271
-0.0088650463903469089999
0.305603901262067712
0.21508772795723207771
0.0084084154889028095425
0.39116314110710337371
0.34301572403042490667
-0.32151749372339555322
-0.36721774672171797471
-0.23820390932682744545
-0.4474863126130512736
0.16482085810760915834
-0.19744511015489585315
-0.48764355253948926672
-0.26992232497748658293
-0.15435379885376832032
-0.33128924947570170811
-0.064441416225096304071
0.35326692867955467037
-0.12259826956744301896
0.25363538308140265443
-0.470827284191504436
-0.2933450737264774455
-0.32505685369897108217
0.045973436072593076851
0.20562208064888565229
-0.12349287306409761911
-0.28985353772842370468
0.31600332516159368446
0.37880398590441233253
-0.347709444184044425
0.045390551866311357188
0.15400748519734408504
-0.0062258969569464750471
0.38329491305612906071
0.16555359631964094991
-0.04915952324427269593
0.18197870845209873636
0.029860043824428084136
0.2068815819659781674
0.07432801426621160612
0.44554149702512002573
0.22938951922578709741
0.38725467806891522571
-0.14229171256621120367
0.49609093854244767918
0.023511193914131811589
-0.067625922045640995961
-0.012496902773390716757
0.25565783167396327613
-0.1591231174908420698
0.0054749348637821437791
-0.4818331931239481225
-0.4262413683919274443
0.43499118222854638027
0.146336721745278453
0.024690021140507445452
0.081756821925401901296
0.1283539591151933168
0.088948547398177368883
0.03180630548007268299
0.14245147975212368863
0.096533331073631600816
0.09208930075183074937
-0.036538896594069281143
0.045609442419084156306
0.40629218460595994955
-0.44813562221844255307
-0.44826770203059929099
0.077282826584131769643
-0.3381583769394095329
-0.21300923712902286589
-0.33399689948996919009
0.23503740361933822545
-0.39069161609541347424
-0.17414814725642802085
0.086391351149438411205
-0.29065689203062339274
0.095227284790817545712
-0.48936668507981329057
0.27395541185482952251
-0.38234175679903392719
-0.031147169183775469392
0.13091327974935096368
0.1884370478418152528
-0.42363259022330984616
-0.14503433678812699403
-0.16723767236302744532
-0.070632801475788653534
0.049851745768098809641
-0.24499112937172812243
0.078437732976767149395
-0.2380806662694380238
-0.38320926715026037979
-0.057852572891037179481
0.43163945949350635001
0.40060909873146632876
0.17699980005837845365
-0.40093312651852935913
-0.23005629886382594762
-0.12365529737700164947
0.37119724740587967116
-0.44127416620561504823
0.27799246667533861199
-0.36820846514933419646
-0.38604626611970771499
-0.22794011786332574188
0.20463349271652186978
0.48268517422127987793
0.43320803210842317998
-0.34137701788197338804
0.44629759845669425555
-0.30164451566308425612
-0.46245678345206431281
0.10622475301708111939
0.47561622718008600419
0.46713657000453578938
0.41401274281231414953
0.23876102726404524468
-0.026233417054044139149
0.16200911079095814404
-0.28879199306689340432
-0.16658147381824506272
0.32406461276208087252
-0.14298928086533502224
0.30573229415276681475
-0.17233085408771831037
-0.036114484614211739277
-0.38345374609882559858
0.20191037410986656386
0.00086798159584144940482
-0.33707398439988145444
0.36579304043412486092
0.40128046666709671353
0.089261802462520356549
0.15659449340182296506
0.44327041115697884965
0.09024959400363774531
0.2332368893341706384
-0.37588973211266130114
-0.48189541144694891805
-0.38417106622688934614
-0.41572157067289389198
0.34488703154075694979
0.35168827348101272534
-0.25004787668702155301
-0.35204101577542595836
-0.49357600153912140062
0.23507302647846672894
-0.098183624470757457914
-0.43657361309936720817
0.23392032467776735505
-0.3783406965573418157
0.48903900658890697706
0.057985885374029377815
0.12743168471960863997
-0.31401736077327874197
-0.0045948644460848675486
0.45327108075492184014
-0.028177251315010698463
0.46061991458134776689
0.25468276200131900744
-0.12621477415520832022
0.00626000423085293356
-0.20822963288499785062
0.013972427522144337253
0.026997081569821501645
0.21888526468438262995
-0.34368568083278616676
-0.015042763036762440976
-0.15915058065204218396
-0.19872542661154951604
0.13164215961827330226
0.31034144948141073606
-0.16716537031632305865
-0.044449639215749348065
-0.39938908106003279119
0.19788111024404975158
0.49942545539444860303
-0.11384045089924355043
-0.011837223650097206118
0.20648691120375850527
0.020489970815947167182
-0.3697802633640839276
-0.31374049829346278839
0.363199409812939078
0.33519617278947144712
-0.24974868459773058582
-0.2257169825829229981
0.17466492012318524107
0.0027160491597137959019
-0.43613492636346690157
-0.16752577377786403989
0.44861651863021434483
-0.2119224410966945582
-0.42939833376235386764
0.20401871007229221977
-0.26932519584422498493
0.21406494805030817918
0.032329460984361513276
0.43496619495260602228
-0.33752672084214718762
0.41534744863865258324
0.48983789301690916496
0.2756912035961458507
0.29996318742119021383
0.4941046249832663495
0.33042467351372528661
-0.23662586768422017025
-0.15425151695764610649
-0.23232374027820890117
0.28269233705294416481
-0.2041803585795130549
-0.28870451399838858997
-0.19190990580668326748
0.26140219541648457291
-0.45613411991581265248
0.36159870848050057468
0.42094013343424430129
-0.0059173047904106934602
-0.10292941357528634372
0.10000008885702493799
-0.36056200741226812623
0.11733086118018865029
-0.25963980823346499704
0.33570235098115208672
-0.21490350876646807654
0.17518309074466764663
0.36862368967718261992
-0.27305573432526014654
0.21548629997783796952
0.2032266235597119941
-0.24317552984487589285
-0.44758426305149834334
-0.17400155975713688106
0.47364523504644917562
0.11904876387931517812
-0.22188346765024352658
0.32622831266246432591
-0.17398895274977232983
0.38810827280207604861
0.39579558470743114729
-0.0077113231110627622478
0.26424509943294005598
0.31197541570669728994
-0.28379172392907908717
-0.35207749114951325531
-0.25845462463150625787
0.37596279406523192002
-0.011934102390709799835
0.47398591781531940192
-0.4578196449373689858
0.14218547331965247782
-0.0017261037895697772804
0.42664455475100004911
0.1093036148043464717
-0.12569602465940704628
-0.10504011205686031305
-0.19452134629829892498
0.010501121823753623019
0.48478006590499667094
0.084374416728138390553
-0.13961543930611808317
-0.33160673345858204808
0.11369414786833031972
0.078637822531458012598
-0.21604192527824783721
-0.32286715432623669386
-0.013997866594879948554
-0.42931036102904340801
0.16779793479571769588
-0.40756760324858137823
0.2339744982655364014
0.31267736256938727379
-0.031156299149078858779
-0.32231690134392343428
-0.18697608071833443644
0.46391701252730044303
-0.20153889556866677601
-0.35118853871635913322
0.12842211188775087827
-0.16354551538451739257
0.058467779088706484103
0.13637218484388013984
-0.24770319147526920212
-0.25979438751194239288
0.36989239913715454833
-0.085695165014618546184
0.30065228140424993253
-0.057056176547472636784
-0.32918811803354164347
0.12626240209792460867
-0.34034502364559726661
-0.4435447281239135453
0.23586265098273428986
-0.15818609192295557397
-0.2884208963943859505
-0.045134849767616003202
0.27573300832882008393
0.10783020483681859947
0.078278420093309653005
0.1971399734951965188
-0.45082993658605902132
-0.073414992311984561546
0.32779873392293779055
0.10796335377218535534
0.32882539141780864345
-0.072568645447350199618
0.31041571651084309824
0.41810760903459731619
0.49842424081282099557
-0.012438010533485033271
0.31100155342265245473
-0.097170192160420387761
0.49070123551519140292
0.32334097900362990252
-0.11431421804402824849
-0.1230264990334096753
0.18317407211016900614
-0.33064357383051290462
0.18308366700602607402
0.018297268914813091811
-0.061750006426330328324
-0.42308790625483555514
-0.27310075239686776305
0.066530209933444606207
-0.26243104006493112035
0.32862351994859784199
-0.13523404311035375214
-0.12234468420371846786
0.11979122257089336312
0.41580248639372385799
-0.47198375439924716845
-0.4139601711796187522
-0.40822817784727566393
-0.10612209690632812276
0.48226925633778916502
0.45654625874577259292
0.04158349969327901352
-0.18712453048501065389
0.14318639769087737612
0.076747409594564386381
0.10206803270024733532
-0.12132227207014534276
0.29626516921326817577
-0.30096606839631684371
0.30992244157234627444
0.35158658733874492697
0.41364199933702072709
-0.0070815832089591301823
0.47585894948425166984
-0.40716390245346151255
-0.35176683921287210666
-0.20434954040490332927
0.43419869960465562464
-0.41519586168044575469
-0.27120025059722752125
-0.09112351644077504309
-0.30662863921112260002
0.01206683813357201096
0.22756653517063318848
-0.19107138741020074368
-0.11817680898826771196
-0.24282613816598791479
-0.34753438410306003448
0.22342886052804566965
0.18909464523052466056
-0.35345911338071611674
-0.056266686208959360016
0.48659439925797443038
0.39339421965821996796
-0.47151656499217009522
0.18309742767005832143
-0.015405489280615580761
0.29573579129294458312
-0.026055136920734689454
0.18437914969680524457
0.094802258427277186215
0.37062898856874970654
0.045197094683225524925
-0.49884968419515041127
0.032985555070342398309
0.15884480040615567287
0.19837629190040040328
-0.18298432593586211325
-0.04659284825902082483
-0.25691391344678754516
0.18794057766800065234
-0.22721516432409394337
-0.15582509155643903265
-0.4130946336690716203
0.13367280098216549611
-0.11051196931590201444
0.16793199862813312784
0.4628962393599183045
-0.19582027618605335473
0.42039941866890984112
-0.075405113623550845681
-0.26404582023553524461
0.48910300952671370567
0.16045720790370465725
0.35943246879020240847
0.1010422773090312587
-0.43561603649777902447
-0.0056666954374656186566
-0.2335481758219556947
0.40596474420907890934
-0.038247769170970780106
-0.38502751928484668653
0.36309553928400251088
-0.14471852080823721654
0.38058493166860474233
0.41752093512124655028
0.40047404736319502927
0.49260120958052600049
0.16140649641192206243
0.43764094611296755488
-0.15779598352328516597
0.10559497315786425808
-0.48378871868890455099
-0.31850039425538112514
-0.28998963391008891755
0.40929414497680083329
0.16228784097703452538
-0.34390976421938490581
-0.20641672017398515759
-0.46154610516033667267
0.011841538283409946963
-0.17212381830538309169
0.31062801118780569709
0.25367802247316328934
0.18822635536040266402
0.020709582682148064414
0.071640890559226511058
-0.055679995943675064662
0.15319966361995573934
-0.18496137016466940306
-0.39293414862240239049
-0.042211065770694555788
-0.11126618340509247806
0.44317479540332371801
0.20546985493340164108
0.16532849049139386466
0.12261801429964114263
-0.10369573229208750575
0.30412813358732448954
-0.079382562182699234477
0.16364643171612736072
-0.0044586770634955641412
-0.29473751305280693202
-0.035141623655367548729
-0.33867244083913339292
-0.022992849188603503574
0.45523984023884467298
-0.44917979019610965175
-0.083985230046667802561
0.15942366710441002731
-0.29505370586871704219
0.14334940492316428085
-0.44147366973408841417
0.17877656064380953449
0.26478426762567797148
0.41044286408896735185
0.41562666979953999391
-0.024650542898842053852
-0.24099019633662077666
0.25454832878906918925
0.44025295441241374395
0.16775260616811826786
-0.26082500575386402542
-0.21004793627175444293
0.38293724388791883229
0.0046536520403778203203
-0.17085175634927562971
0.1345080339708389916
-0.24373871085344372966
-0.44787613666895059739
0.40545209203592391667
0.25447200026611871415
-0.37124404714191960863
-0.46719808287821545933
-0.33637557472370455125
-0.49604519965264554093
-0.31789771382572223901
0.24490175415841697326
-0.21351738772121137133
0.12508232962842147362
0.077787636158293316235
-0.16779852738103023801
-0.089610603854374082378
0.45460436869391973591
0.15381949558700669378
0.46936640543770125067
-0.085194918108975281612
-0.073043331966481384043
-0.20883338569576676003
0.2303032727748206554
-0.43219975019487505419
-0.4527325611651051851
0.38588278972302703096
0.21316168222731357584
0.13830699474990071351
0.17286989110207484632
0.068735483223219095983
0.25708126330002800675
0.070653328550921101758
-0.17257851268087059937
-0.12276810781203456591
-0.19537189865035381464
-0.39117198440839384688
0.11550170768249112818
-0.41112737428475082391
0.46155340923207965886
0.12331512939525801631
0.15600201104476463243
0.09508902426088838844
-0.18845024854914993462
0.32943458211600273877
-0.0116128658126266604
0.032946083080264920717
-0.48784217767197851634
0.29282461176303742345
-0.15073254207949399186
0.48393969755011356781
-0.035204846382255239323
0.45287827969061134059
-0.49247188928641116856
0.021030265400973635614
0.22368984826140414501
-0.0019608193424611730649
0.32244382105521196547
0.098043999326133057792
-0.32644522636769879309
-0.1031851686289446679
-0.41357994134056375035
-0.33788222808911150263
-0.13529194524549947865
0.093756167488305508506
0.41946622847972225845
0.44889541441675140376
0.26409476295687350778
0.13982492109216726472
-0.45717255939366641115
0.38112755709372247992
-0.31612925662269442117
0.41287639812366516701
-0.085574512299304517082
-0.37157909204637262768
0.14657154589318099891
-0.052170213475043747398
-0.13998393385422969182
-0.15558815994857949638
-0.35593621137054409775
0.40059235997196573908
0.48998463787973223216
0.087402379498118798473
0.13486537461917724734
-0.076487200129869481469
-0.10392028456743795939
0.086116990079627142585
-0.170270578140914286
-0.18409822484853005653
-0.3590705420722170027
-0.3578955813826070198
-0.061950469625862869538
0.1905571294794888848
0.25751462905304556283
0.2618538332542746927
-0.37351054415018647425
-0.21974236577775208001
0.34785633650910674497
0.27670242685782431291
-0.1230063190206478474
0.26535907006030401423
-0.38511695216277475051
-0.20441048616051343823
0.1206375066424566489
-0.13902011944283415579
-0.41438111222699136604
0.48398644917166333546
0.45971674115671257166
0.065281708123455906012
0.48515346736548148332
0.42330977856676266224
-0.44282197164163938918
0.086881249581974628882
-0.35128419969218277474
-0.46478665983141614904
0.088743264883039629787
-0.3863132503905875037
0.018838344438903975586
-0.044457762305102954681
0.36382669786661192557
-0.31439698096421764273
0.38288377995284550437
0.11038942783210148324
0.30140731078511318053
0.4848353565876154514
-0.1926565768745928664
0.33934589588630947876
0.42855988987781057364
0.2936461355693336106
0.29721849505520536727
0.15080016786745265023
0.29125968390061407476
-0.27897004773586947524
0.11465840010385375258
-0.37776804263477914425
0.49789335920626665022
-0.43264727374636385848
0.35415506020852827174
0.45023372010729056925
-0.45026427463374185667
0.43437674231277256798
-0.08443036809968496037
-0.40018685454179281358
-0.18199412929949981832
-0.30022621691469020266
0.15593732280376915167
-0.35366626593852701355
0.33234329877865831371
-0.010143515481805587264
0.22326914549561616141
0.35379530642098155901
-0.36193233296321641879
-0.23477040632247309082
0.3252434584431814768
-0.16052026930380147718
-0.20522195679672217139
0.38945782125793004802
0.44878617040244406233
0.31948496484809196794
0.12608145368440482059
-0.11018895451944216157
0.42728766359782499595
0.21953288499147005641
-0.37739771557486884168
0.35576578169769756954
-0.36069520819308914517
-0.11766754111777405489
0.071300030545848991359
-0.36957581204629408322
0.35690128574035784315
-0.33495358931745600195
-0.20331854816964528565
0.058052067561094045089
0.4676749481320245927
-0.37314186311285002517
0.39279616674205308779
0.37949295534045557332
-0.24761963090667976628
-0.33284707870424190546
-0.14021265220453127398
-0.1659309634378913767
-0.065513621561985646569
0.15025976489547820947
0.027125054264905412715
0.24596039744573683361
0.27412122220044632392
0.19292507806232062073
0.066810260372450192001
-0.32233196024447158257
-0.089688071332887475684
-0.27232853911388721357
-0.14822034786442334076
-0.33478232407851360453
0.2278345150444467393
-0.46803577346490349287
-0.095310268385203733565
-0.47771598676348564494
0.14181150259905517252
-0.17590015153602722719
0.010077381562785814317
0.14153432726525394525
-0.20240060167651319212
-0.12440678659597176337
0.2819609467431883898
0.30992951148914082982
0.031434921782850677729
0.44107461726096353072
-0.46988716694882598501
0.29811087673370728623
0.43000563020943383119
0.086873728634860203357
0.44370683225701745833
0.37605182999312969372
0.22688990363870675804
0.0099274399602055085623
-0.1876025336860537851
-0.1033044192754384305
0.23498587978468332693
-0.051614481331300199329
0.35435887404567290027
0.42106920844786288605
0.46859534769514610275
-0.12095943421279586882
0.3513345792198705464
-0.28487616160571538337
-0.19281886109309392952
-0.442047241403224489
