1 24594.932941 100.000000 92.220780
1 24594.932941 100.000000 92.220780
2 19884.207383 100.000000 69.722880
3 17167.471344 99.883687 64.970608
4 14589.431533 96.859552 52.698679
5 12561.199077 94.387903 44.148408
6 11182.280780 93.660948 41.663486
7 10050.170610 91.741785 38.098328
8 9240.852877 88.048851 34.609512
9 8767.573924 85.024716 32.292541
10 8300.965537 82.000582 30.529048
11 7893.659980 80.081419 29.162531
12 7511.174264 77.958709 28.017406
13 7225.559667 76.679267 27.116574
14 6957.865747 75.835999 26.353157
15 6597.769563 75.079965 25.398885
16 6375.586406 74.265775 24.807237
17 6112.924479 72.492003 23.967478
18 5916.517478 71.387031 23.509428
19 5776.251040 70.107589 23.024658
20 5636.206799 69.496947 22.753645
21 5479.699193 68.566444 22.123826
22 5355.396549 68.188427 21.925338
23 5262.415794 68.072114 21.807008
24 5156.242082 67.606862 21.543629
25 5058.462417 66.850829 21.326055
26 4975.276696 65.251527 21.100847
27 4890.960462 64.001163 20.799298
28 4811.985598 63.564990 20.619895
29 4739.609227 63.099738 20.543553
30 4675.800345 63.245129 20.596992
31 4617.013566 63.186973 20.314528
32 4566.536532 63.128817 20.177113
33 4520.709908 63.012504 20.146576
34 4469.551479 62.663565 19.963356
35 4413.368303 62.518174 19.776319
36 4365.686172 61.384123 19.470952
37 4331.870897 60.802559 19.211390
38 4300.800720 60.191916 19.054890
39 4265.999700 60.162838 19.062524
40 4233.075971 60.162838 19.058707
41 4205.654836 59.668508 18.959463
42 4182.131160 59.581274 18.917475
43 4156.731891 59.435883 18.852584
44 4125.769986 59.203257 18.806779
45 4094.739029 58.563536 18.638827
46 4069.691823 58.127363 18.444156
47 4049.015167 58.127363 18.375449
48 4030.764620 57.778424 18.260936
49 4014.346311 57.516720 18.161692
50 3999.205580 57.138703 18.043362
51 3984.770933 57.458564 18.043362
52 3970.057769 57.138703 17.932667
53 3954.453078 56.528060 17.814337
54 3939.379661 56.382669 17.753264
55 3925.897263 56.208200 17.764715
56 3912.983053 56.033731 17.741812
57 3900.434690 55.655714 17.585312
58 3889.477344 55.742949 17.604397
59 3881.018156 55.539401 17.466982
60 3874.003873 55.248619 17.444080
61 3867.012334 55.190462 17.447897
62 3859.427824 55.103228 17.226506
63 3851.334201 55.015993 17.207420
64 3843.227377 55.045071 17.341018
65 3835.378666 54.783367 17.325750
66 3827.974720 54.812445 17.352470
67 3821.376624 54.608898 17.257043
68 3815.908399 54.492585 17.184518
69 3811.410315 54.318116 17.073822
70 3807.469601 54.201803 17.035652
71 3803.591683 54.347194 17.039469
72 3799.233117 54.114568 16.928773
73 3794.408527 53.940099 16.909688
74 3789.606349 54.114568 16.955493
75 3785.168229 53.678395 16.882968
76 3781.079429 53.765630 16.863883
77 3777.389857 53.649317 16.825712
78 3774.185126 53.881942 16.879151
79 3771.375652 53.881942 16.821895
80 3768.637834 54.056412 16.833346
81 3765.593461 53.969177 16.814261
82 3762.374993 53.911021 16.787541
83 3759.640759 53.707473 16.783724
84 3757.594891 53.707473 16.795175
85 3755.676481 53.533004 16.749370
86 3753.322701 53.562082 16.760821
87 3750.577480 53.620238 16.715016
88 3747.970524 53.445769 16.657760
89 3745.852506 53.533004 16.661577
90 3744.002835 53.503926 16.569967
91 3742.140755 53.445769 16.623406
92 3740.262339 53.184065 16.642492
93 3738.561530 53.125909 16.608138
94 3737.138216 53.213143 16.573784
95 3735.926330 53.387613 16.562333
96 3734.789751 53.445769 16.547065
97 3733.624384 53.387613 16.592870
98 3732.364143 53.533004 16.592870
99 3730.906591 53.445769 16.539430
100 3729.238105 53.416691 16.520345
101 3727.654861 53.300378 16.516528
102 3726.508819 53.387613 16.505077
103 3725.711157 53.213143 16.493625
104 3724.959034 53.387613 16.569967
105 3724.081157 53.387613 16.577601
106 3723.097292 53.358534 16.585236
107 3722.155324 53.358534 16.547065
108 3721.336642 53.503926 16.531796
109 3720.549475 53.562082 16.539430
110 3719.689851 53.416691 16.524162
111 3718.817105 53.300378 16.508894
112 3718.054070 53.154987 16.463089
113 3717.406840 52.980518 16.436369
114 3716.785117 53.096830 16.482174
115 3716.144690 53.300378 16.508894
116 3715.535186 53.416691 16.508894
117 3714.995749 53.445769 16.547065
118 3714.480620 53.416691 16.566150
119 3713.945890 53.242222 16.501260
120 3713.436720 53.329456 16.493625
121 3713.013418 53.416691 16.482174
122 3712.651945 53.445769 16.482174
123 3712.266724 53.416691 16.444003
124 3711.795933 53.387613 16.417284
125 3711.285680 53.329456 16.440186
126 3710.844508 53.329456 16.440186
127 3710.494996 53.300378 16.432552
128 3710.168608 53.329456 16.417284
129 3709.812303 53.213143 16.398198
130 3709.433938 53.154987 16.398198
131 3709.065379 53.213143 16.421101
132 3708.711083 53.242222 16.409650
133 3708.357681 53.242222 16.375296
134 3708.026307 53.242222 16.379113
135 3707.758662 53.096830 16.325674
136 3707.545820 53.067752 16.337125
137 3707.335260 52.951439 16.306588
138 3707.091591 52.835126 16.314222
139 3706.837574 52.806048 16.283686
140 3706.613110 52.864205 16.321857
141 3706.405064 52.893283 16.321857
142 3706.159131 52.922361 16.329491
143 3705.864889 52.951439 16.356210
144 3705.606600 52.980518 16.398198
145 3705.452410 52.980518 16.356210
146 3705.357282 52.922361 16.344759
147 3705.248364 52.951439 16.340942
148 3705.082001 52.980518 16.352393
149 3704.872246 52.951439 16.356210
150 3704.677835 52.922361 16.352393
151 3704.532485 52.835126 16.318040
152 3704.411131 52.718814 16.272235
153 3704.287705 52.660657 16.279869
154 3704.164986 52.631579 16.272235
155 3704.050641 52.631579 16.256966
156 3703.936575 52.602501 16.268417
157 3703.813009 52.631579 16.291320
158 3703.690911 52.631579 16.279869
159 3703.587704 52.747892 16.314222
160 3703.498124 52.718814 16.291320
161 3703.400837 52.718814 16.291320
162 3703.285343 52.718814 16.287503
163 3703.168008 52.689735 16.310405
164 3703.074327 52.660657 16.283686
165 3703.008432 52.689735 16.279869
166 3702.955950 52.689735 16.287503
167 3702.902406 52.660657 16.295137
168 3702.836885 52.689735 16.295137
169 3702.753245 52.631579 16.272235
170 3702.661536 52.573423 16.241698
171 3702.586491 52.573423 16.256966
172 3702.535763 52.660657 16.268417
173 3702.493476 52.660657 16.268417
174 3702.444440 52.689735 16.283686
175 3702.388976 52.718814 16.283686
176 3702.335716 52.689735 16.295137
177 3702.286921 52.776970 16.321857
178 3702.237425 52.806048 16.321857
179 3702.188315 52.718814 16.302771
180 3702.148246 52.660657 16.302771
181 3702.116615 52.631579 16.295137
182 3702.081499 52.631579 16.272235
183 3702.032866 52.631579 16.264600
184 3701.980197 52.573423 16.234064
185 3701.944780 52.515266 16.226429
186 3701.926288 52.573423 16.234064
187 3701.909137 52.602501 16.241698
188 3701.879667 52.602501 16.237881
189 3701.835855 52.689735 16.245515
190 3701.790584 52.718814 16.241698
191 3701.759925 52.718814 16.237881
192 3701.739398 52.602501 16.214978
193 3701.718250 52.602501 16.214978
194 3701.694523 52.660657 16.222612
195 3701.673929 52.631579 16.222612
196 3701.656950 52.660657 16.230247
197 3701.637281 52.689735 16.245515
198 3701.609534 52.631579 16.230247
199 3701.579982 52.660657 16.237881
199 3701.579982 52.660657 16.237881
