-0.013050939007171154
-0.02731569865291694
-0.05297393427105186
-0.051500648360098475
-0.04121401948679834
-0.024121696624695033
-0.016112643344760515
-0.006370873952427951
-0.010563440060641376
-0.01340362271914864
-0.024249455284972153
-0.01671775087076779
0.0008720014744018234
0.014950212558792763
0.0024775035293483224
-0.001905096386417626
-0.01152366797029617
0.0009126661630196897
0.012177218207777929
0.019819386180674737
0.04383122036538436
0.05186591181556107
0.03139995000449537
0.021027000060062216
-0.0031223513622459544
0.02800179827977287
0.06600323668035964
0.08487335612982055
0.10358374006257472
0.09020972384231286
0.06901278196365569
0.039795118537737595
0.024373441781392034
0.12040124667922819
0.18548491952149793
0.20666306997201878
0.20682432624191352
0.14912591501408518
0.11501393543160217
0.0762451509380852
0.11854552664268882
0.23979590318203145
0.2496135984037879
0.2022691872641275
0.20841546119406423
0.1837688474470408
0.14583728661339534
0.08627462957381464
0.2712141100891815
0.2581583254545369
0.14708515519196444
0.11491104821891888
0.17923633259518632
0.21274552767974889
0.16186182509508126
0.08322294770479888
0.38185328983130706
0.13572059189725466
0.06338982349197052
0.08605796963663688
0.19171732277011155
0.24991765128597962
0.19140279435208488
0.08236397424287518
0.4450574598179063
0.08690844785353992
0.09419375403110983
0.17179158299184946
0.24623995251806086
0.30496560047997584
0.22763014327794093
0.09352930838021932
0.45831153271071495
0.13293567193744582
0.17164231580822908
0.21429279969900997
0.21601792899745573
0.27816411909105876
0.2641380215516812
0.1562120715318421
0.3840644683407905
0.17640387499184867
0.18946196770977855
0.18623819049536883
0.13296636427353636
0.19274743520235776
0.2603828650636754
0.2436435191777215
0.26064502542378626
0.15732617606710006
0.1426001637076278
0.10864617688403458
0.041840967415929145
0.08610137679877712
0.15536544877955336
0.21181056101814866
0.12349943766716157
0.062042977320486345
0.07081093267179966
0.039787781460504316
-0.020339075243347327
0.014027422374891095
0.06558180680616994
0.11844438925135715
0.06597472431451792
0.03292790201893914
0.02195455572090146
0.0014961977195417269
-0.03603913585166722
-0.02822390441018979
0.012374538488667718
0.052240940858735416
0.01893568507291365
0.003942834645717647
-0.009733241623670898
-0.012520370435638825
-0.03741707887041587
-0.04517650616853589
-0.023072322139782837
0.009199769928132337
-0.00223590923820997
-0.014655411715893253
-0.030601986004816045
-0.04034965990671093
-0.0584580216843999
-0.0627998205255937
-0.036775788183001784
-0.007891697820041123
0.04559097656177127
0.03502808452568187
0.016100528136632007
-0.003809760450175511
-0.014118769283293874
-0.017218501290423485
-0.015432903562139326
-0.0072604661403986685
0.053679435598750935
0.033416462415029935
0.01047092796624726
-0.006050207528276034
-0.02360527493883225
-0.02075357641634831
-0.024508760738155964
-0.01676600297224424
0.05809982401581596
0.028034039245074947
0.010694579530776762
-0.008041368447234427
-0.018130162441066428
-0.015127917751155007
-0.023884135272851794
-0.025802573121703577
0.056595294100276
0.02520526933478411
0.014201815068851355
-0.0028108080010722193
-0.019424921520056027
-0.01377566686184481
-0.024753669170208426
-0.03170768036899667
0.0463293089314574
0.02746021995838898
0.020901640464550873
0.005270152438524282
-0.013338804445288774
-0.009142750651242594
-0.027289397836600032
-0.03187725908274391
0.04118637045822875
0.02670173540166907
0.02091033367658899
0.0068264364080465965
-0.01588599135630268
-0.005649817329771392
-0.020520050320883592
-0.02319671941982631
0.031246348591553574
0.025809529346239295
0.030866788378667825
0.01682355255991922
-0.009081934394197615
0.008279581921437159
-0.011976103832034245
-0.015943328746729196
0.021209177074655985
0.03783950885095959
0.04141069313448786
0.023929339027630767
-0.00717169962374496
0.024173214933160356
0.008276380324935845
-0.0015669622261510324
0.006626180206688569
0.05370223414103698
0.05869190848427488
0.03280567899572559
0.012872448322200003
0.043013303816622696
0.03956734096415806
0.028381862193543977
-0.0009730650081183651
0.05932367661977996
0.07862132526312823
0.05964712015471855
0.022223384707429305
0.044529365884019026
0.0527045448043744
0.059790641455372315
-0.0057993016091101085
0.0711013820936991
0.10054765117334746
0.053640528711596115
-0.001674565154772258
0.024143323911733384
0.05172292078432713
0.08822292042837655
-0.010040922408349171
0.07263128897088336
0.0966747368494021
0.044219389006799475
-0.007478889395542465
0.003749617377297847
0.06129030456772679
0.1048387929609984
-0.008314315543136053
0.06104547405530338
0.07286143179581635
0.026221024510151493
-0.01314231362380523
0.00792633646309694
0.07154969137245458
0.0908161379125144
0.005797614935476535
0.047383665517372636
0.05508870757706328
0.01126532707394676
-0.0021190217737833794
0.022189067699037505
0.07485515394264886
0.06271872342838336
0.025938588384645623
0.050629126746572585
0.050668179847909715
0.024970777133754275
0.035691603549286355
0.05536736284047703
0.07223760991784323
0.028651746937445197
0.030429572077957063
0.06573624917758449
0.07800358742812483
0.0843891244146946
0.07615805215814629
0.05449458535001358
0.03146746277387835
0.002390577212846745
-0.0033454044331855544
-0.013595159795884333
-0.009854925677770248
-0.010285548347366268
-0.01442030674780111
-0.01378580328154647
-0.013376996869835454
0.0010179460027270864
-0.003672426705338582
-0.00982313380782225
-0.00634009542724603
0.003999990091324131
0.010725541618871893
0.019052022563946718
0.000515929957392109
0.01070913820831395
-0.003195671475154854
0.002336617367665805
0.01368386052588902
0.03240874354179681
0.045294907162274745
0.039914782009207776
0.010387607698672058
0.020132801429453704
0.009547274574875338
0.028061525550293242
0.04481370085931119
0.0548551806202023
0.060999826260642126
0.03471519878815338
0.007829285413885724
0.020354940185818675
0.029467412419669936
0.07439729654186104
0.0868426561831918
0.07878748225261221
0.06019736286515823
0.018647076083342425
0.00025009226846875416
0.018810127325641253
0.09078263267550189
0.11736040099119387
0.06363931229211435
0.032450170089797135
0.014970181607606678
-0.019878330119270312
-0.025750884547492952
-0.0065173140260041205
0.15515268200089244
0.08723832001438811
0.0009399459766617491
-0.008987522275586513
-0.02425694118580654
-0.035686839661882463
-0.02743175493804061
-0.022345280843044168
0.1983881479409802
0.02660769355235445
-0.037919392156359207
-0.0320244245860899
-0.04023405435809604
-0.02981787612544695
-0.025492905499259224
-0.023548076537844385
0.21708138475657984
-0.024183838936080275
-0.040738820433059535
-0.030826414204935704
-0.032284534726772604
-0.022394278934810916
-0.0315954204755505
-0.017026488240876395
0.2221482890745095
-0.01593562785927
-0.0179807794435458
-0.02104029706737509
-0.016340307711762626
-0.008666524232687562
-0.01322121674212321
0.007490945545684207
0.19022822604842035
0.026716034265506172
0.013843476510468288
-0.0005848764662642016
0.011662155203520905
0.019685685058003326
0.01663151001089326
0.02872560707642234
0.14108576689484353
0.07114045526399143
0.051736487391273026
0.03924661438780287
0.052388796313222366
0.05054713564818827
0.03819162564240397
0.03200606817226263
0.07860699114150202
0.06804633431680245
0.06952070367183374
0.053888928496704916
0.0543680366904011
0.0432278326665784
0.030781280118561773
0.025742396763609364
0.03077506906931229
0.03490789092380456
0.054442522977844576
0.05222801883317857
0.03826860953010885
0.019706807065463846
0.011057995533153646
0.013945141747058848
0.0028393467751615794
0.0016806035281733476
0.02081823873647989
0.027415537368121017
0.01812937376393276
0.007567800197863377
0.007957340439466236
0.006115832136782934
-0.007794708707607555
-0.021229096530363686
-0.010107389471978399
0.003473083562335592
0.006456800506017561
0.0026164548651358196
0.00581273334342139
0.006341126632845685
-0.01147725481542079
-0.027499693844514887
-0.04479414871343312
-0.03650807045059528
-0.004921543180665154
0.02439430372996272
0.020209523972757278
0.019281055347951277
-0.020796456223524173
-0.02854564881912141
-0.03611766494108836
-0.019947787215560956
-0.00037076110644341696
0.02377322124424265
0.023569235029583867
0.02506441792074829
-0.03630866275973833
-0.03608546504312923
-0.038130409897974615
-0.01134483897510792
0.00022112079949405367
0.015940548798281017
0.028693201586303084
0.031879576526614106
-0.06904676171782917
-0.050028673800955416
-0.05588292182488411
-0.0293582165261818
-0.009721720508806451
0.018401351402332275
0.031238525262568016
0.027421017398595322
-0.14270081408791427
-0.12800874882172045
-0.1643398909485242
-0.1671845401638492
-0.15299621778774322
-0.12241671030339756
-0.0584377146301846
-0.0297807858352937
-0.23999587340227896
-0.2013988977820884
-0.19867093608134087
-0.19058469173792902
-0.1975789901011071
-0.15120487248612446
-0.06184386252608079
-0.0401832191637728
-0.3461812801885951
-0.22027900302600198
-0.16853113415612453
-0.19812746119928362
-0.24608022067008303
-0.14288664442841265
-0.08031627309926115
-0.076472960310134
-0.37752613632786286
-0.19805289349250893
-0.15937477004867084
-0.1804441697944545
-0.2193113655941699
-0.07968527160282592
-0.05494459106049984
-0.1137026084093286
-0.33360615900009694
-0.10814281208754929
-0.08608531969268156
-0.15238814495185682
-0.15629859312090968
-0.056645363730827784
-0.014247706584823109
-0.1319464529626593
-0.2823342915697944
-0.12255009782445957
-0.1318545678691218
-0.1377860764994187
-0.11678494541115078
-0.07135530841455957
-0.034784408727506475
-0.15050544770701837
-0.15268669215560224
-0.10552078894707023
-0.1361807399433528
-0.08941880401724589
-0.05739985900936457
-0.047555210791152
-0.07574128660463175
-0.19092342040938987
-0.03414886643835929
-0.08017575328453996
-0.12744832147243398
-0.1125609685140654
-0.09671360853431005
-0.05213990261386757
-0.0793127174010086
-0.12952355313617292
0.07216565128504977
0.014864221359856447
-0.01244129312115098
0.0035791681506684506
-0.0013956907440901046
0.051330378861875005
0.03340267226979393
-0.007853099055009667
0.08857649934096402
0.04121237857790286
0.006145946100166594
0.01977528290164079
0.01928529810876313
0.05130448056529376
0.04609512211729747
0.011923224080980625
0.06209840423486859
0.06093253882240923
0.017469236065266045
0.026436162178211813
0.017983139888527143
0.026579282033431795
0.04065115140532477
0.02330222925506873
0.030963611609532923
0.06725048763079425
0.06068763694783084
0.05384715665940798
0.02012565297477958
0.006902271675021442
0.011284812974880192
0.017333464337120484
-0.0019168316710550882
0.0036540385683627467
0.0017654244608418608
0.0130120611491188
0.024673291866349055
0.03005607427056104
0.019073226091438418
0.011991077463927762
0.0010644564864776176
0.020900724220320285
0.036252211573611554
0.04630660668216793
0.05609744644395919
0.04998477507847426
0.026425950252324585
0.03158394261124251
0.014759552783178519
0.06436811031465656
0.09666620656825166
0.10987731913505455
0.12352996233850315
0.12325717465676339
0.08459759642438644
0.08425264369268028
0.046759845773868006
0.1355355200546542
0.18850598280411032
0.20667748749746248
0.21296142260033823
0.1891874172452151
0.14164630014927507
0.16249359599025676
0.12824183989816548
0.27408669434723004
0.31393310779543615
0.30580553776702135
0.2755262823619508
0.23289733654960681
0.1837256763446916
0.23045757891979696
0.2857134805535895
0.3635183534997444
0.299123165110593
0.22604874299702502
0.21423129365961185
0.21175713168245436
0.19496242072338155
0.2147687014676636
0.42644867250646457
0.3771430656557983
0.2716549385850926
0.2464822755653031
0.2717889240651341
0.26607420126212483
0.21758941136600937
0.1478809405259749
0.5289819323434637
0.3703074045516944
0.3255337067482973
0.3155987907838507
0.2899585848333183
0.20620002247309768
0.11047757589251468
0.044581891589201075
0.5619618807887898
0.30946979791252277
0.263197339800046
0.2035771008288227
0.13098201631505244
0.061505919267447556
0.005653467610348344
0.014481136147112607
0.5340332196439475
0.2417092608382171
0.14341102249367046
0.06563315722509681
0.02125326171551066
-0.0017200299677458768
0.00563033469489862
0.05425823696745754
0.46108043485112254
0.300392834437751
0.18402095341801325
0.12168124807921814
0.07991130461928546
0.07579226465385491
0.10242305338767531
0.14741416136711827
0.29948334731329374
0.2769921765523782
0.23417033392359518
0.22094394654969443
0.19035235360084302
0.17995083384510072
0.17520292598203896
0.17145080986972358
0.14852037928276476
0.19888562212272304
0.19419676359149438
0.19242995498367516
0.16846578643329985
0.1558243268559074
0.14089109542572645
0.11855364457253317
0.040571475778312195
0.08744914059230124
0.10544291558098734
0.11625421064314294
0.11129773025429072
0.09447541724707487
0.08065527350162346
0.06292753068708812
0.0017384469889441733
0.019049629225463043
0.05035097061329682
0.05126331679519438
0.03723712695067198
0.02806762012430978
0.031974881002295105
0.027885185008205422
-0.003878732970242243
-0.009696008749658466
0.002796486310909023
0.013343868695766216
0.014875139381697511
0.011849160988504902
0.02393486852492556
0.018671614467884505
-0.02486863539814199
-0.004171325823477239
0.009466246466194258
0.024096563680385368
0.0394236099096868
0.04517013192948197
0.0413062185210486
0.017431711299317542
-0.0371972838348866
-0.0016315869087732446
0.017867994150343448
0.026010992022861067
0.025813370817975054
0.02855909837200563
0.03966529370075243
0.0344395644988378
-0.05459167130116852
-0.00588088633983077
0.01794015704551069
0.026255982525601577
0.01293305572706913
0.0021307894118247316
0.01814941450407907
0.022856106168040784
-0.0647197671731767
-0.0011801247278690813
0.018686508396184708
0.014140030001142709
-0.017746967207816093
-0.027307481201238697
-0.018073648428217598
-0.010000535441061048
-0.0868011354454928
-0.008165195595313497
0.004602746911991322
-0.012941046202915349
-0.026876049286495986
-0.021293764224964644
-0.02336566931137821
-0.03078104206451711
-0.09974859745281957
-0.022714759343086244
-0.03215540135825884
-0.03459370107312899
-0.03752739963023479
-0.036004811378131836
-0.03496443318996726
-0.04550992408131769
-0.12552966548330055
-0.0640198232866527
-0.04485770070790794
-0.014795695731016342
-0.02943626473985998
-0.038746752233101686
-0.03809800448824297
-0.05139298558764112
-0.11633306041060984
-0.055228710528479004
-0.02806383103417286
-0.00969954634664728
-0.021926372208990165
-0.0193913683668614
-0.03203428505086835
-0.05097409227407218
-0.09830553136296186
-0.06032150031456388
-0.020915631332658495
-0.01106185361903326
-0.02841294062189023
-0.031255782254923634
-0.045627299643460704
-0.05328746459320998
-0.08896617476972504
-0.07220768353233316
-0.007504027362392847
0.00938602066296905
-0.011823917180031618
-0.024955602014580018
-0.059190185799942
-0.07304214970410637
-0.08331603080788319
-0.08886684763143814
-0.01765735135442971
0.000590316715068266
-0.019249966775681224
-0.01821837334772417
-0.043380237550443596
-0.07942559319476561
-0.06162820364242239
-0.07167932510981141
-0.017688453048182735
0.013990657643249345
-0.01088772482184966
-0.012751975482182473
-0.024990945316774333
-0.06341057383217859
-0.046644876887998045
-0.046399265759186986
-0.022992405011166537
0.005522163500865448
-0.01900348083608035
-0.02607863687132439
-0.038992406509618605
-0.06523443367785887
-0.028460042259108545
-0.023079887306012143
-0.00996731498314669
0.020900457270307003
-0.0010909582615719806
-0.015369310327937381
-0.029266244187173353
-0.049793146249819044
-0.016619805522089928
-0.013297830970175936
-0.004842806665436335
0.017668448596016226
0.0024789605508886716
-0.0045262914619666585
-0.01975724325072728
-0.032561362022761095
-0.010914581830621165
-0.00849367222911634
0.0005237204287473068
0.012616349978497516
0.008190697351347722
0.0006241480866708101
-0.005929860167136371
-0.018122453647278908
0.0074750632546685646
0.03842939466363497
0.09769762799965634
0.14370947680117968
0.15512361722077123
0.13291665968025124
0.09339107249609957
0.03332635680290816
0.032269940196495504
0.08110693683331315
0.12023950322080325
0.10582219355944024
0.10357555811568148
0.11329702231755293
0.10408971990637611
0.05256976324566295
0.056348240738844285
0.1102026169543014
0.12921377159233546
0.09987753008770969
0.11248919120135245
0.14113021797581107
0.1171503222439734
0.059615137777543174
0.07786297022589625
0.11040377846674805
0.11965076515106877
0.11040636386972494
0.12606324433823837
0.161269101463675
0.12518309766033703
0.06094627386956552
0.0740472845304658
0.08616026926822873
0.09530943176116924
0.09087624341798077
0.11153799617197653
0.15780277725377972
0.11651324238372099
0.05456528511273492
0.039419754727514494
0.041509654164869764
0.06577564944960494
0.08306629795973115
0.09977888638244341
0.142243366720342
0.14509928592792234
0.05998733736207994
-0.004276797541062679
0.017218803087350597
0.054023072379485435
0.05895772216708665
0.06142730703459579
0.11114068189727462
0.14663625620393633
0.07474718971270208
-0.04425267449067511
-0.00680684530863319
0.019025666337367735
0.020537109584534568
0.03029328693836517
0.08380605937285332
0.14244317793618774
0.0861875418837051
-0.049107758463109344
-0.0009020564042064785
0.01422462524001964
0.008228543017300353
0.02505946121445106
0.07141337536256166
0.13145599243348344
0.10364481548403111
-0.040705492646217936
0.0013534389176265503
0.01364844238783058
0.010227519824405316
0.01647025206129007
0.05472933339131345
0.11273234793364004
0.11329815229233174
-0.018207116183810976
-0.008393761067540167
0.008463301447886477
0.003009363579698409
0.01675363245047432
0.047217086560127124
0.0958913800962649
0.11299267027793833
0.022678918137845092
0.013464913897909343
-0.006832885045972253
-0.023148206964316565
-0.0002900618293504867
0.030541029562732455
0.08211787930272751
0.11770154639898699
0.05241919071938627
0.04882941630385146
0.03108634392507283
0.012650840948304562
0.036338547777042964
0.05529283918381214
0.10749536117221842
0.12943410604312414
0.0694251505966169
0.07519693198753934
0.04775992702047631
0.035653453563595366
0.06919290785584362
0.08295821991500649
0.12497652369375664
0.10561733253914946
0.05512260923583759
0.09609940425310821
0.08482769640345436
0.07010031457403045
0.08731638131458139
0.09463357177364821
0.10945588848398813
0.06505122979434083
0.04396975672722588
0.10861239279183565
0.15196213287491994
0.16322713612094514
0.15424545224365546
0.12255622081407781
0.08303538906358404
0.02886758499565038
0.02497137961228977
0.0137492375386435
-0.005209679843148784
-0.020711777792920036
-0.015857050820461665
-0.01610178007349884
-0.006661217534075051
-0.0013514139427473373
0.03680790396466132
0.013948682443333069
-0.0007961006661805972
-0.01632952853421634
-0.012997098887346833
-0.01642351370578161
-0.008072248547277939
-0.005694889599261333
0.04341201184548501
0.01080851751857401
-0.00580288981898101
-0.018402170212484355
-0.020697517394329887
-0.02407329151192526
-0.011962691390719397
-0.010448610039291442
0.04451661165391522
0.011258139401771875
-0.0031820232983499046
-0.021651422822538808
-0.02833279967260598
-0.02580284046066141
-0.021629729137325523
-0.013668576137959331
0.04170855739373221
0.013949277377791822
-0.005583238523197637
-0.03774658182244283
-0.05289934485713291
-0.04038048454894646
-0.0362717472794751
-0.02162744502509901
0.02768416093950921
0.00903002128719206
-0.016963016056786642
-0.04146302068817759
-0.05231552545806249
-0.03893931157415387
-0.031784253156473284
-0.026862891099014286
0.01912311265658381
0.004361715367456309
-0.01986425406381218
-0.02463319181318902
-0.0322007809133139
-0.021061440049364326
-0.02298173259129023
-0.032231098763758084
0.004981474765480971
0.0063922934033577156
-0.0022852773697204965
-0.0068333833273438865
-0.011980708081381934
0.0010863886905102538
-0.004041664719984856
-0.033375615174276944
0.0003786175665832419
0.020092635417313102
0.024012021121436578
0.015173876406210167
0.011552406070012086
0.012518624121152585
0.009572947018584224
-0.030996077699306835
-0.004064302748437118
0.02002403889207367
0.03628644564394917
0.01789692093968183
0.01683921689193535
0.01677398199956047
0.012670741432271931
-0.02804506657522581
-0.0010843820749608525
0.03484732827719694
0.046932950055188286
0.009976586569330577
0.010945716257704276
0.006190152169497515
0.023138552114477753
-0.011276357250210008
0.0010921714494085406
0.04214384502008506
0.03313593704551995
-0.007424395550122921
-0.00300562339618835
-0.005747112127567333
0.03337960776238369
0.01246053661319118
0.010236215253200821
0.048069931786409885
0.031874079251584926
-0.002996268920216386
-0.0069931871519107085
-0.006275257311833792
0.03226378867531096
0.02947526408571027
0.014782390412657375
0.04232864570795372
0.022371514017396378
-0.019110994665097313
-0.02218585681762188
-0.006178759204875208
0.025352676250466655
0.03783934490725899
0.01312892945069233
0.033053719373373376
0.011975970884570555
-0.02132972766052021
-0.021734056423114594
-0.00013116570773566828
0.02229818621302505
0.0356401898007162
0.006883247796732694
0.013070560578526735
-0.007104056398526508
-0.026284036168811163
-0.02524963294376421
-0.0027366843208652485
0.019322824959259122
0.02962366997901851
0.017563264626970523
0.07485424482850325
0.20462503906476354
0.27949887900387177
0.2639902038166437
0.13517243521901354
0.04249224918117845
0.007771108353600517
0.0036045414944085442
0.016461047587430968
0.07657680028337509
0.11329049776525313
0.1291366449282149
0.055573416159636436
0.016789250996917443
-0.001226096553695944
-0.013258520405258255
-0.011213460734457297
0.018566585231554692
0.04106109371048551
0.0652690709073664
0.017088000479685148
-0.0037259062432786452
-0.010805412936783913
-0.03711037181603656
-0.03968392054246757
-0.019298567414326468
-0.0096492885433968
0.014198802121029046
-0.014913757389852319
-0.021093662919857464
-0.01891373935269791
-0.07015316183597957
-0.05514220225990592
-0.03209261563748641
-0.011258551269424537
0.0031026734293131864
-0.03413925145279699
-0.041219168859682694
-0.037678795495400395
-0.09907578396175845
-0.06352634209593652
-0.03177969159502383
0.024885031642261458
0.04965213214551604
-0.00965766082109819
-0.026197425529434253
-0.04420023064928374
-0.12548834177471316
-0.06898002925291297
-0.010696207905318514
0.07136325288978822
0.09182457181960135
0.002159048420144196
-0.023746308862733004
-0.04819780521276251
-0.14546464876578796
-0.06008817665721847
-0.009386546497021139
0.09676352558907822
0.15060537174475735
0.023997749790258843
-0.02184387796663773
-0.045892995324492994
-0.15171876780829002
-0.06478312112165882
0.023123218400831137
0.16967232255491768
0.20787749630585736
0.029352353418278927
-0.021641090844755035
-0.0484469498902211
-0.14420746316613164
-0.04898598810227047
0.05969540442703501
0.20993621491550862
0.24561185428893959
0.04619711064019808
-0.025096339407164877
-0.06005112482272111
-0.12680056009596313
-0.03768517347387964
0.06041049272325215
0.22437971322638203
0.25484098223487395
0.06075420924576801
-0.030797667127919662
-0.0754906650240986
-0.09250119074230476
-0.018207326455031207
0.06536027135315157
0.21044007970169995
0.2185664598540931
0.03743451027962262
-0.054249788689603784
-0.07634637784160157
-0.06374240629300909
-0.0266731198571383
0.05630881253808646
0.18060776823040403
0.20758609124521407
0.06452011937732983
-0.004049296981552833
-0.030061700098599996
-0.020950734500711943
0.013045632471982309
0.09256061099804054
0.18803666271498215
0.2321324419041722
0.11403499292072515
0.026064922872678666
-0.004111501084901578
-0.0044869393399817785
0.027220373366185827
0.09894870647358912
0.17479351623179928
0.23388582936189664
0.14025128429351794
0.050683031048385355
0.005853964320424736
0.004769553136679834
0.032435839484515824
0.10221908589807643
0.1675086896143404
0.24957507887885455
0.1803145355272679
0.06872603775127946
0.017644862044057547
-0.0001089053814115721
-0.0005583842242580566
0.0015594271466532394
-0.002471623340799571
-0.009782999288837578
-0.004639835857703076
-0.0047837779238633265
-0.004171091233375028
-0.0012613881773059462
-0.003552074100577699
-0.005492416112354846
-0.009714298504556391
-0.014554981949970243
-0.006247951505481693
-0.005413653687750549
-0.00533958986057781
-0.003640198243849162
-0.007190920567228056
-0.007879523821785134
-0.013733275924378013
-0.016959704429075167
-0.01166108066836759
-0.00983855855943379
-0.009918335243735006
-0.006859621230400261
-0.013431927605433259
-0.013683615369211952
-0.019872868437315182
-0.019971805678317495
-0.010768143672215196
-0.005701435093692157
-0.008678270606916795
-0.02610325016879208
-0.029133640284203503
-0.023671645270897657
-0.030275283231357728
-0.033231067403438196
-0.0222317338560301
-0.012727822017863518
-0.016082073175080307
-0.0505287539492255
-0.034101465431639055
-0.02825860716969915
-0.043769052498061
-0.04105290788278364
-0.02525106683027715
-0.017686104322218062
-0.02398711701828314
-0.06506687827356074
-0.037485847157099426
-0.034066079070458104
-0.04543966122596797
-0.04063506615620124
-0.014536193060766969
-0.012909449985372988
-0.029595299897878843
-0.07735483086151479
-0.04954064540476055
-0.04525310052979216
-0.06467640291256081
-0.04485774957667225
-0.014238104769899031
-0.013874687824019918
-0.02966502587477133
-0.07778084720101931
-0.059043553945959754
-0.05500128862902496
-0.06049189663889856
-0.03036938148344732
-0.012560263767053579
-0.021522113458475
-0.03318613905003113
-0.06704501307673812
-0.06525535751169886
-0.0556294870694124
-0.05148571796379984
-0.03749733331089532
-0.026191734973053073
-0.03449417741020413
-0.042125159597887936
-0.043607986352074496
-0.04323704243286385
-0.04407857988958729
-0.050016866251648764
-0.036406335247551304
-0.023894124576829753
-0.026442034701101815
-0.03708540355244617
-0.02782999336480697
-0.026176731778827237
-0.026294632129676518
-0.03679400467708092
-0.02630949075679817
-0.006906797405324845
-0.009182273148330438
-0.021879629105371647
-0.01714057680981567
-0.009185046333152813
-0.010997841140315073
-0.022566127331339104
-0.01929152032126782
0.00023389925057406871
-0.001176152616581539
-0.004140466567403238
-0.01233241747373697
-0.005207551015875716
-0.007087172455060362
-0.015645664515846962
-0.01933387984673469
0.0018694633580729663
0.004694626240034089
0.002152907997062711
-0.006840630947962297
7.05245002259661e-05
0.0014722838412026544
-0.004125050003723144
-0.010637788584902517
0.007181677095381159
0.008843200985143624
0.0029782018782727256
-0.0044954732128441146
-0.0018165099982087162
0.003404471056049065
0.006578499598265354
0.0010511688532420125
0.009450556186311042
0.005516574744816992
-0.00029018105232791867
0.023809317777807624
0.01601170803901961
-0.0016187455623117599
-0.018136767554362502
-0.016596182382944243
-0.006481096053372823
-0.003057526007093756
-0.0030334268733070834
0.032127011960390944
0.01772079023121877
5.659098597674944e-05
-0.014926238160975887
-0.01331093575991552
-0.004328652087560903
-0.0015719722532731492
-0.0018688193065150688
0.04608452182037419
0.02546365161734215
0.00433848114431821
-0.014433913779492814
-0.013586181008331527
-0.0037725944437406304
-0.002304752117238409
-0.0027218754071732343
0.05347749582635087
0.026938747199553983
-0.002553082707596298
-0.020451251905670962
-0.007963674988731089
0.00702419754102642
-0.001709676135652088
-0.006714914965402083
0.05511203136720987
0.018641657515480404
-0.007874438437932906
-0.017483752277046512
0.0010076806395275504
0.0076762261783226565
-0.0035158944879325094
-0.005453141066556901
0.04824182752164625
0.017369462617723742
0.005521771459047668
-0.00508391217877133
0.010526167030351842
0.013536279524516774
0.0053929898509945395
-0.0020591051882532423
0.039438378938287444
0.027488778289160548
0.023491038268354508
0.012530351847283952
0.025792371814215835
0.02793999565682259
0.014021250655648498
-0.0006282846479930104
0.03326621529409764
0.045070488723995425
0.0432790816513392
0.018552966439448624
0.025115911209301588
0.023218447497790343
0.01267483716541538
-0.0023793845198746993
0.03362141557866732
0.06618561710162935
0.06055160911991416
0.02991122191765948
0.026697270621391888
0.021836330023180632
0.007815068273984116
-0.007865117669493863
0.03679607086599615
0.07107539905438881
0.06023571736683702
0.02744192724688986
0.021485042399454722
0.018026057911367924
0.0052863940229175
-0.010025293382744866
0.0416861371984755
0.06830806789322741
0.05961405784539915
0.027958988121734172
0.024539218338927162
0.022838618157284378
0.00849199156246117
-0.005655286862638427
0.04020441365244184
0.059284935865944036
0.05258204900203785
0.026608565617065656
0.026081258095708697
0.02831685582138914
0.017778301532125694
0.0027826641766714143
0.044200452032997585
0.04815751455119678
0.03483690272816315
0.014974091324826909
0.021521424584113314
0.03371010718094121
0.03396839031069156
0.020387783301925453
0.03949906678140816
0.04237431992430446
0.022079048468477566
-0.0030282071217255465
0.00546386452752651
0.02418096148230566
0.03235126922689147
0.025545501877359638
0.03353289576387825
0.029534371357952477
0.011746814892938997
-0.009093902457856583
-0.0033706628410356556
0.013590943201138668
0.028420734387392187
0.02524631033656098
0.02136018422648108
0.0239251540931277
0.00672627036795118
-0.011505518313089562
-0.01421433890150429
-0.002347727594435171
0.015747797056596936
0.021516261053349917
-0.0019453109160658087
0.00691053411180655
0.05570966773008733
0.10089686748104171
0.07346480105490535
0.02431238830429786
0.002575934771353501
-0.009254079033142773
-0.01102969296802926
0.000642610411591388
0.05449712528605763
0.11484322540548325
0.09195674049137563
0.014210548588550368
-0.011242312980682902
-0.022219452160224203
-0.03406144729169965
-0.016727507686092265
0.025839091574770264
0.09710749159034485
0.08592390206177689
-0.02087234401067045
-0.04679353637116694
-0.05521029504534171
-0.05577127435079022
-0.030709694269480402
-0.02379868123697337
0.07444130381240577
0.05061419018559433
-0.09038711798755632
-0.10558247512176493
-0.1236004609013647
-0.10143866866711294
-0.10089697925747622
-0.13817691043960809
-0.02241813962054367
-0.05416811596881484
-0.20080861749009654
-0.16847693866799376
-0.1986162529792748
-0.1871863420583575
-0.1877908527074425
-0.1426487523756915
0.02588771214580305
0.014258715453784857
-0.1747175122165607
-0.16694926187673587
-0.2232272101643465
-0.27611572946006707
-0.19188603840421073
-0.10452211765243076
0.049395988026184695
0.048691117977200035
-0.15618417362387804
-0.18781521520083055
-0.23950830744661797
-0.29719548020420317
-0.15186976454652784
-0.10037230989544087
0.06984661304532024
0.0616147615144628
-0.12233187887527555
-0.17496502404500894
-0.21448440365897425
-0.3332327536681779
-0.1714327174199372
-0.11133458932672924
0.07825130822333895
0.06825542464940748
-0.10380223748358527
-0.18934625635319982
-0.21945560512872944
-0.32446280272708194
-0.10429570014800012
-0.047496976246880714
0.1063372406601225
0.0965781860594058
-0.08633739276758294
-0.22537691558555373
-0.20506641104651083
-0.3021086244082153
-0.10111649872820208
-0.07138660022101763
0.07510184894683931
0.0559969698039831
-0.12313781323535426
-0.24521537545001476
-0.1666449965056012
-0.2541623291440841
-0.14029981276360126
-0.09220964524292567
0.02208890972271399
-0.0018964170210305795
-0.1331273645065442
-0.1961271922216045
-0.12219941429968025
-0.1317791049038389
-0.07597136537225192
-0.03306959474068203
0.024932606823789165
0.02505247793110837
-0.07525581134402676
-0.11432729138021057
-0.07493275789926479
-0.05946047133912765
-0.05496235065199835
-0.001929521112966689
0.060924213904223985
0.08297580109621855
-0.004838701732579948
-0.05129865795479313
-0.030082376431844013
-0.006716532837038542
-0.004016204767016267
0.04054840347895471
0.09244121273050049
0.11644066026457413
0.016455323556595118
-0.021887351893335173
-0.012727714830896669
-0.002128192514611837
0.0042906647441083
0.038032181792034894
0.07713784647263927
0.13702560807617237
0.06637304032476109
0.017381141402867922
-0.0012684545632504999
-0.009654988377655145
-0.009547564251786813
-0.02411472155960602
-0.03413833921322753
-0.05480073053634543
-0.046761652994167194
-0.04617343088292979
-0.03393379686847984
-0.016053172340532874
-0.015734132592148606
-0.03416449705375013
-0.032981957562392604
-0.052550955778304084
-0.03901428787488088
-0.04093522429218094
-0.03903229840285028
-0.023143423308461118
-0.019717000434142855
-0.036419287483942756
-0.03184113812108911
-0.0647022412338408
-0.047267924440284735
-0.041460897498783386
-0.03839667255558368
-0.026650496663124936
-0.021548904759636903
-0.038042267751243225
-0.048021955340238266
-0.07215763288651954
-0.037582165943943244
-0.028980999888183742
-0.032396086604026875
-0.00998849070361478
-0.020892385680376945
-0.05585419487377258
-0.06931793508618138
-0.05663135938006112
-0.016610816637790148
-0.004702473877274803
-0.012245646299387502
0.032718912347202485
-0.012014223729042673
0.0011808720095119365
0.015507524713246557
0.00330840035449859
0.03594309728070663
0.038420857284194886
0.020480234165312167
0.08500293368215073
0.03568271903771543
0.08442885404864112
0.08587243464717573
0.07131619916195547
0.10187883240759647
0.08299806802068649
0.07286996688471714
0.07404137868336652
0.0655624070819534
0.06212791406458027
0.09755956405205206
0.10425793315660549
0.06743375753385282
0.05594818099860449
0.11872131220323319
0.06880982386178919
0.0744739620125978
0.022649638978688803
0.0898646240275992
0.08341121481460441
0.013654840388976667
0.019237962130100192
0.14284198162840553
0.04677188400169101
0.032270896958776475
-0.01827322581781267
0.0312347214022901
0.026044488870292374
-0.03413077747252716
-0.029558681876582102
0.12670906846347546
-0.0030663997168954
-0.03422359388095321
-0.049858948882678236
-0.027684251831413053
-0.042015847567653634
-0.06789117259339023
-0.04428550831708177
0.06528404706394153
-0.048263580168870494
-0.05357100327098859
-0.05932337348758945
-0.06688848188302081
-0.0685784149825433
-0.06985862506494803
-0.040912377334349936
0.005910698175064609
-0.06838784987867524
-0.04830144460908967
-0.03881463777629478
-0.047539976375734025
-0.05291146895123995
-0.0488185119086009
-0.03225192736114451
-0.01730473633253307
-0.06696639408965079
-0.0512559902609082
-0.030066429686232386
-0.03908356922016664
-0.04878357525618142
-0.030306272633715478
-0.020065949089738393
-0.016161364392103094
-0.048833367081275614
-0.04371136582040919
-0.030905003821212085
-0.04117476356890379
-0.041722869309306444
-0.02029785626384191
-0.014372773326679057
-0.011256513139979213
-0.027918164116168997
-0.04242029060374215
-0.04172085256803296
-0.04039205865010764
-0.03830701991279249
-0.023683859431753218
-0.015120500977968963
-0.009639713343706308
-0.04236361580734339
-0.08247283952478743
-0.14548180879205344
-0.16993819365613755
-0.18110148631094858
-0.1732228566696987
-0.09168126460388207
-0.04519988376526451
-0.07078555460448836
-0.10533290428692973
-0.1524569155941981
-0.13139527740759047
-0.14936638127354998
-0.16763588346063146
-0.08676087541434448
-0.06450368553159265
-0.09674578051266705
-0.16649461314208575
-0.16745945993077604
-0.0882906967624717
-0.11111468763301485
-0.12944267494149794
-0.08299184244010235
-0.08243395760529891
-0.1500783018508818
-0.2143720246037029
-0.1744194139938303
-0.11634698768480026
-0.15262958985046748
-0.1698241686908756
-0.1203239139295211
-0.10416836620465363
-0.15812007598859662
-0.22012685939148516
-0.16249680906434
-0.04362893743561038
-0.06437482781228651
-0.12704467612196008
-0.12015764582505266
-0.13470200976809812
-0.1519999315620038
-0.24875432929140515
-0.15391195059565665
-0.06783186459091017
-0.07414497115841476
-0.10385224003654339
-0.17773538891172708
-0.15764900679389843
-0.12942846031206168
-0.20415328310421196
-0.03546320815074376
-0.05407766264380686
-0.10008863989932876
-0.21405663309059442
-0.1533994266528013
-0.10937767447770304
-0.10196944935256877
-0.05186079507882121
0.04002600857981208
-0.16650018123572832
-0.26281562510847134
-0.29532964552065033
-0.08181002411347144
-0.04964544919329722
-0.09455373771269955
0.006046718899994878
-0.06384756170634769
-0.316908876509229
-0.3888894623819
-0.2783502645040069
-0.1102482003743785
-0.039623248877525954
-0.08909894828711282
-0.072265450106206
-0.20333385272380905
-0.34730263836462
-0.3218760069762232
-0.16457333750084907
-0.15719348736724378
-0.060179383289686465
-0.09700064491023414
-0.21989822626741026
-0.32430201475669035
-0.31216305142746475
-0.2592869702589893
-0.2068018397892923
-0.23523529118017075
-0.09298643515977092
0.0036505892958521016
-0.1994028434559913
-0.3283267925466183
-0.2392351573568028
-0.1821728595476002
-0.13369435168779908
-0.15960932963396054
-0.042494426607996155
-0.008552966582054383
-0.1732739268846733
-0.2767762317756264
-0.18879351496618668
-0.15495596556977811
-0.15324595716702466
-0.1930005844926447
-0.11500834298611541
-0.036696460096705054
-0.15811850358096521
-0.21783534197841087
-0.15082734356576089
-0.13194658117408029
-0.13882849518191454
-0.14481972987864328
-0.09364724780087964
-0.04640496188554471
-0.14808864416171497
-0.18207808254718968
-0.1313262708326247
-0.1523721206003092
-0.17367654962704
-0.14127822509582943
-0.07643122269276821
-0.0408077085808889
-0.12458003634014848
-0.2066512106164381
-0.2071910417674021
-0.22035133969524853
-0.1911914252128753
-0.11378147816642438
-0.0400004483679207
0.0027359278033671735
0.005057834879085905
0.004900894307046409
0.00840313766977827
0.0015235368244329226
-0.013070217906185717
-0.0027412829042811775
-0.0008101547000981247
0.004793566060774151
0.015515828089285576
0.03979544530630676
0.050999341451833935
0.04563501012447211
0.025867157164411243
0.018259296887754656
0.006535659545455336
0.023506215232807378
0.06034552535983071
0.09536691628180247
0.11406192637177748
0.12017036240084088
0.10703078169665882
0.07076525804687563
0.03700963378660514
0.06084842982000531
0.1261190120804337
0.16688337178323684
0.1693858949304595
0.18001531983596272
0.1734832379113997
0.14818266139158237
0.10584833409101801
0.12496143177882187
0.2153274310041142
0.23362531872389092
0.2077068890439193
0.19494345655587214
0.2056968959609153
0.22293360085757877
0.23607644779176662
0.21603604410641147
0.26035289846706844
0.18549217296018827
0.12366762196488393
0.08563137241019234
0.12312777203473327
0.20436652421324847
0.36438433066998205
0.3226729325286338
0.2251406620001763
0.07726896570857211
0.021578661870322664
-0.015610284080819856
0.02098395264206454
0.1289379296086125
0.45982615942231125
0.41114539802667993
0.1171810384380232
-0.005637514747347526
-0.03593653998697711
-0.03415541259398579
-0.008316633781462263
0.046159892012353335
0.4925222292516861
0.4545158805948404
0.052803395035179515
-0.023360850463984527
-0.042256133204754666
-0.019075193172781724
-0.0037330479220322823
0.06619907685363823
0.49146806931698994
0.46376515859071993
0.039461116777529705
-0.029037870066323516
-0.030264027569455156
0.0011666089459233722
0.04355764008795478
0.16669277573370742
0.4344500386667673
0.44284506171338023
0.09765405907638151
0.022844048024891025
0.025611053390282402
0.0699839370373849
0.15417098303880447
0.25901293886581667
0.3128427220476238
0.35528510857238355
0.1617621156306421
0.10819864754070137
0.12996487980547308
0.18068019764041687
0.23674495159698117
0.24302751193997463
0.16261264084551721
0.22507283569623948
0.16805040805028806
0.14311147879845185
0.1596031083960851
0.1860945475202829
0.18690261269014302
0.14828223655182646
0.062110725432262384
0.10672410736512913
0.1106468268560798
0.10894101606626569
0.12470855528778359
0.12314997141291739
0.10694731996736434
0.06515415455382863
0.012590715260633666
0.03507673056478697
0.04619958839155381
0.03958507272183688
0.05574091154131762
0.06347654817916094
0.05498697384949252
0.020229095797359927
0.00021826096807949622
0.005483313231458946
0.02126344376467737
0.022374114883528896
0.03557877981498486
0.03164776466523844
0.014565416064414746
8.201603504729727e-05
-0.005203732482594375
0.006442650593355264
0.035359222368116824
0.07413132840741483
0.07612930594750482
0.09014075440306143
0.10236457747970386
0.05331371421079943
0.007949627431581573
0.025265089940264406
0.05030002749814795
0.07432044493391113
0.028143361958352552
0.025195370164517283
0.07561078172249454
0.08430201821102086
0.030735193096520747
0.03793072667139304
0.05329395114782206
0.06628475509662492
0.0041865738932761465
0.0015761014367579988
0.03777198959811768
0.08163659915066579
0.052384275157388555
0.0340293658537237
0.050802089158791267
0.054962678094547725
-0.020014677581499718
-0.022935932469460914
0.009865502077143321
0.06488199296677181
0.05703797542183492
0.010328041837967174
0.034947418889078034
0.043250131144152604
-0.034321609324489376
-0.03567155611977206
0.008906810423861706
0.05271740761180357
0.05044983543288585
-0.015528664940096238
0.03495915488305562
0.05008518379293381
-0.0039676219940315526
-0.006695794688462757
0.03571404315914978
0.04147149289211414
0.03406818686061364
-0.017337687548245745
0.048713374256006324
0.062099838849016833
0.01854335193892359
-0.003192594885814905
0.04119265143740029
0.024509459132778518
0.00389754394293784
-0.02730455913399574
0.042560444845229056
0.06586685990166047
0.023511846247624913
-0.005920805730890743
0.020632864634067355
0.0018141031242909526
-0.023673570251721725
-0.029363720137297426
0.045276537097208074
0.05835811902428998
0.013283045828568627
-0.026009392601364274
-0.009163945733983742
-0.024766530909748685
-0.04712973554265456
-0.03295548445797351
0.044365893689962264
0.06188588966714108
0.010670859129511455
-0.03328309280086896
-0.02559408601682829
-0.03565295847045934
-0.05169304034370933
-0.023650206637602176
0.033078691622037824
0.046350816660608335
-0.011001704576488374
-0.057967707883084474
-0.03632206429766351
-0.048622674266078005
-0.053903656771177325
-0.009831445378553221
0.03340841413993882
0.04954898479962563
-0.01646541530502628
-0.06758692620350572
-0.04885538407741197
-0.0596163069335731
-0.04931438639460216
-0.002858097065535901
0.0164503813673681
0.025728028498082537
-0.03015848919332949
-0.05154410269963108
-0.03764326815832651
-0.04386948071736691
-0.02684327786050891
0.01870435477526285
0.03102574177667928
0.032366106661763074
-0.020783699723404228
-0.03645858103949885
-0.031147735815376405
-0.032393757572151724
-0.019667546730758226
0.022730716318380518
0.025188261631173516
0.033621740622473986
-0.012613348593788553
-0.03699883578667119
-0.015644933702407444
-0.027555298943260895
-0.01599064592975155
0.019118773408625122
0.019632121854380565
0.036344159156181326
0.0010880376497836282
-0.03516233069484168
-0.021325905643960655
-0.024625660409468945
-0.00949169790574154
-0.006981342723812715
-0.007458107132416108
-0.01515014371570875
-0.038302576119791994
-0.04257014028248864
-0.04972502313561867
-0.038669801097525915
-0.01748702235347509
-0.012437856457772645
-0.01115297685169045
-0.01842353979591139
-0.03540401850667563
-0.037781431609266926
-0.0493339592930207
-0.0551382986932406
-0.04016450280407333
-0.01254447376990667
-0.025536978537385742
-0.06344643607917659
-0.08098581902458966
-0.056962871256300354
-0.05841422292838204
-0.06614402795172107
-0.07033208677387041
-0.030869441246026325
-0.05788919581768892
-0.09593559312936652
-0.11899002367854154
-0.09764934335633817
-0.11234357804965552
-0.11233468351111887
-0.09194166803169498
-0.047833236053830296
-0.07486081293668057
-0.09386674402680852
-0.09631389099049235
-0.07823237531611012
-0.0938534786184627
-0.10001976799044489
-0.10382532856594208
-0.08051766491424099
-0.09905586593463007
-0.10160566037696167
-0.0858930184539074
-0.10066220993036303
-0.08963405283415478
-0.08120292796786345
-0.1048541629438106
-0.11782760883070358
-0.11052792352819572
-0.11845060574847362
-0.12270105007259567
-0.12320820045797129
-0.07473046631678842
-0.06601115285413796
-0.09310729738176235
-0.14637020966929654
-0.11917816262400967
-0.13873886727495158
-0.12771721026150584
-0.0854461496064843
-0.04984705815292404
-0.04218375259875708
-0.07805633796217672
-0.17768635592657805
-0.1412889182364014
-0.14248867923065803
-0.1141287556400234
-0.052657968831854696
-0.03728359571848368
-0.03185226441593241
-0.07998455184420228
-0.19550646079200082
-0.13713360597095509
-0.11668221524260058
-0.08074754906868892
-0.028357684232381393
-0.017786939798479916
-0.021112294153947643
-0.07906640670445747
-0.2057833716437154
-0.13175092568114388
-0.08191221027492455
-0.08795171773738497
-0.036529062096488325
-0.02056402577647263
-0.027344763657764413
-0.07924215550514975
-0.1909903152833673
-0.14798036351610333
-0.11008763127528168
-0.11664370461052985
-0.07002085634170327
-0.04225875542999799
-0.04984176624278477
-0.088953097778262
-0.14275425818742737
-0.13309318305199633
-0.15046827169387758
-0.14743711912967672
-0.09222098930186269
-0.0622160369442327
-0.08719835757492636
-0.07187024147961975
-0.09597800160715368
-0.07392647418324
-0.1103172034293288
-0.12931771563992836
-0.09659288385904446
-0.08065705733513338
-0.06737873627799891
-0.03252953430703108
-0.05837908862410767
-0.05939764512671382
-0.07890043149478425
-0.0792321707219483
-0.028477524181033314
-0.017723099280721362
-0.009288955007471044
-0.007907254213488975
-0.027329302330591932
-0.03977603497801882
-0.05052151814546994
-0.059294645260670076
-0.020722129860267426
-0.005703685181345215
0.0017379170159651479
-0.004638850164072814
0.0023835384929191943
-0.015565786770033046
-0.034631099319593406
-0.007788038948692294
0.008708724377856083
0.018358080461265167
0.02918035364941539
0.032174127294913486
0.005060483859041808
-0.010435758579815177
-0.034970195770874145
-0.009213832484931744
0.008243131320889949
0.01074338376758898
0.003364493678905494
0.015029825165990902
0.015597069342061702
-0.00517850543965321
-0.040205471159432016
-0.026809918667211552
-0.0146142113665729
-0.010275992277925399
-0.00214823554181237
0.028388854825833927
0.04182000704738573
0.02498486201027191
-0.016864004822715956
-0.004697836576438942
0.013172884883657617
0.016681198848010604
0.005804480889556103
0.03504933349513108
0.09419628651565534
0.04524407305144647
0.008886566145092808
0.02949793718428628
0.043261181862587934
0.04724764791395174
0.022447362746227124
0.03452413300144032
0.12637982533328138
0.06848223188146761
0.039846560728037196
0.029942510995042033
0.02694012049493146
0.007627817738256278
-0.021521938156510233
-0.007908879932699588
0.12919563869578057
0.07222750441155293
0.03678763113339098
0.0014490119907161379
-0.010865000618831739
-0.031781323709155186
-0.07628158651729147
-0.05154095753266552
0.10462324115537246
0.0858893437308371
0.047810084007464185
-0.01653590140332734
-0.03456282013946706
-0.06062672099463778
-0.08117021802218607
-0.06669131803119187
0.09561900828831395
0.13693698390667
0.09253069574189288
-0.011706293508119567
-0.04026525980474315
-0.053253626445280776
-0.059606896595353474
-0.06984468136699495
0.07705358554600342
0.13876702886834727
0.087607943062393
-0.010747030138309988
-0.04047113109853936
-0.054561120459329135
-0.052970771642684454
-0.0749202789853496
0.07595292615238039
0.12523263591992687
0.06963598249145259
-0.004905265112262062
-0.02583163701394074
-0.03824260147834793
-0.0453619940999096
-0.0767676674005801
0.05858978507920868
0.09977761584610782
0.057901153894690846
0.0025424344055658553
-0.03089576735298514
-0.03627737946934667
-0.03928332083852184
-0.08169986464783914
0.04161976351643596
0.05660745958187242
0.018543875429613884
-0.011690914967723823
-0.03987988901470326
-0.053576807483999976
-0.05240505661503439
-0.08182055390774699
0.011318702390503567
0.00728715392881416
-0.0033266558251054622
-0.012943520328671352
-0.038908456259556363
-0.04693093326164177
-0.053304899099220364
-0.06451441463171063
0.009319074622111108
-0.006250467001307349
-0.023847720194375196
-0.03570846092723767
-0.060675439752416585
-0.06521198952778509
-0.06205057359346919
-0.037513967857104494
0.0031162915361182615
-0.004931838481873481
-0.027728095605398816
-0.04474850071329727
-0.06275131248953464
-0.06373238426301904
-0.04125177562696383
-0.014043548200030091
-0.0038788321904263245
0.0014266350344119794
-0.00239617017401493
-0.019880142003774005
-1.6781862085254963e-05
0.011746762348426266
0.0068009193720131485
0.0028238031188092864
-0.004760210426767867
0.00027280880430832164
0.004688016536753075
-0.014338026215274616
-0.0038132367643969652
0.00696795738090336
0.0004267696738679983
-0.0036287936887171805
-0.004681921013926315
0.011805737788840231
0.022954236079563612
-0.02261497544249369
-0.01909481178777022
-0.016774987996011095
-0.02398872655091211
-0.021895724584257398
0.003982195014941279
0.01678260629677121
0.004790760881336757
-0.05532920615527762
-0.01662130094593925
0.00036258977208994696
-0.01967655001121968
-0.037386627658082774
0.008825764795441046
-0.00407164636410442
-0.03640703889946049
-0.07100070294839603
-0.03561023763956167
-0.021596620240783824
-0.043057279304516353
-0.05713806986221239
-0.03166210247777082
-0.047793057128547506
-0.0348401271279916
-0.06509258922961396
-0.05263023413536789
-0.027362106421294156
-0.03685504253250118
-0.07183952995281767
-0.08648913171221881
-0.04565633340008051
0.018562938740524042
-0.030015957863605006
-0.01989934429384121
-0.015019606893742264
-0.029188157955474633
-0.07477723866514156
-0.15422541688297145
-0.04368069157864558
0.03471919075522823
0.014925636815532594
0.011487154491702824
0.008612627550268608
-0.012761455874493507
-0.06394026558125054
-0.19298901623724612
-0.05940381614485955
-0.01662635612081864
-0.021419527153447207
0.030869048960773995
0.05182307077802787
0.036711682556148144
-0.012532075792382349
-0.1976423537555006
-0.0775225005875
-0.04889770068196309
-0.057278377889525674
-0.00969755444928385
0.030400430066802934
0.036683700102022355
0.026921900948243968
-0.1782156362647393
-0.07897152334904425
-0.04549308547200728
-0.07094279567592182
-0.03917560742184404
0.007377585513425201
0.01850107783656209
0.03981051900807007
-0.1272197528386167
-0.08388331117054611
-0.04045024895203421
-0.05350353296856027
-0.03185984583121834
0.0040816280845962566
0.008598755059977906
0.02599584543829822
-0.04901102321211235
-0.04412138681774908
-0.008951704360323269
-0.038815377645078725
-0.0543507282496048
-0.011942306580734563
0.010873398609237323
0.02649439516187407
-0.013928690477291896
-0.021820437878721746
-0.006889874206743757
-0.03587413110882181
-0.04651564458685536
0.018158050195088725
0.02085079679000137
0.009929337937815223
0.0025142412150579198
0.0049498453704708255
0.0013074187149102465
-0.017792986198924735
-0.026549605714700015
0.01625156032445842
0.010005594677943843
0.005413863845506908
0.01313020731320966
0.017545822182653773
0.014451497361955728
-0.0044567176771266315
-0.02618101594869908
0.003100474565196763
0.0036642024215012407
-0.001187860806919347
-0.008145457831912967
-0.004235084579922648
-0.0004879490422766127
0.010780407584862765
0.006557167179004906
0.0010191579843009844
0.0059710569473424395
0.006582669506759167
-0.012579050010436792
-0.00849373182144898
0.0095388435130284
0.027172139338460095
0.021224277227855255
0.006481888336207154
-3.412217280084264e-05
-0.0036147180530063604
-0.016464517242466312
-0.010558328746740498
0.012322423107066525
0.033053552579745946
0.023790398460287673
0.009899483850175864
-0.0028555874815142995
-0.012863815643116016
-0.022073992903579698
-0.00786547549340497
0.01873702413188556
0.037928406841295406
0.024874969253808835
0.01809859739676749
0.00119675378041112
-0.014641376952454975
-0.024892306245957455
-0.005013643453177929
0.016499074566503655
0.04697338966839411
0.03988449942898987
0.03580580243771771
0.0035643022366661833
-0.010447208833967254
-0.013032003962046427
0.006450638055553972
0.023182135690231684
0.07445459242115801
0.07962089158501696
0.038859513470625585
0.005611199882376728
0.0060346698942878
0.007736823937755424
0.02124098489684997
0.0356207849566674
0.08438850952950522
0.09470643198261482
0.06357099783219997
0.018293328313383848
0.01879026731566229
0.011944125320349708
0.014128376321798947
0.03275396268819623
0.07463274698901375
0.08941609883432129
0.056805929271248064
0.005921627579214639
0.011742544372052677
0.013613341838730081
0.031480878929738595
0.036871974313769526
0.08210326287241049
0.10274867609656255
0.06512458308995027
0.013571632861800631
0.0028221536436556748
-0.013990265626730815
0.0008108652613268674
0.01199100556514791
0.06478407167782416
0.08646390627443869
0.02792235176783697
-0.017134624892067043
-0.030137361941236257
-0.03378391311234917
-0.039971542922651045
-0.01550986790736945
0.04644724860805795
0.07601794879261126
0.0209406081833796
-0.015585185695628596
-0.04662519510260252
-0.03539510325408403
-0.05239580878146034
-0.013360320773220313
0.04057702017652204
0.07163128399283442
0.009713316060150563
-0.017835091862983193
-0.0467322395233562
-0.03757834575744208
-0.050880971595322205
-0.02051010057703004
0.030848498255492143
0.06453984149145796
0.01178672137902518
-0.007049243264634956
-0.02578241535490225
-0.035943797777829585
-0.03673472124269932
-0.01409599916420221
0.024139226604580347
0.042684571203866484
0.005887393090909876
-0.007138035664525503
-0.008917453604505831
-0.028626652937560896
-0.03633365792013605
-0.016674472898695267
0.00898081589565296
0.026919973853255886
0.007826677715072663
0.0024507288421648826
0.0018006124553276933
-0.011832545761250765
-0.02839463066124807
-0.024410632207262705
-0.005675699014276655
0.018644014318522136
0.015441791808925177
0.009999172644966432
0.0016571946778892225
-0.0061774447904257
-0.015740940755567173
-0.04032687704884209
-0.08946436239992629
-0.08534253487939641
-0.049102855979844956
-0.0281828568947391
-0.013555890699779702
-0.003605727878866775
-0.02462792352979995
-0.05535321356332529
-0.09302411510744646
-0.07745411773298509
-0.0573163320637909
-0.03410994301020747
-0.01471538501046583
0.01934536698653866
-0.027205954333037644
-0.06817267898734876
-0.11656975187549604
-0.09778144100587005
-0.06934687735864713
-0.04102200447587319
0.0011376848515812121
0.05687360276073723
-0.05190109037894545
-0.0875866631151684
-0.11386485317032694
-0.0737535088510942
-0.03402373881859077
-0.009709477031795545
0.02785475954701817
0.09544457576093322
-0.10158169933890633
-0.11734755983148068
-0.12301896179408274
-0.07781091341133914
-0.005747828762843099
0.0216670605719641
0.05481768356424996
0.10727196127173684
-0.07669972662045219
-0.05100723496885906
-0.05906859098476447
-0.05602731769203629
0.021213081043849807
0.0465674252933534
0.07341957011537353
0.10485588554355094
-0.03910391794836132
-0.05060489825288093
-0.06901093443347214
-0.07017178543529293
0.024615629691525136
0.06404827670222821
0.08151952705201539
0.10312278570552322
-0.006026404218754512
-0.04950835082067498
-0.06390737216656214
-0.05222669206236932
0.06635009479915362
0.08970466378201283
0.08233459416312472
0.09486525181114189
0.0009384560811964852
-0.059226907792529405
-0.044251739448050005
-0.022071771432794624
0.09376830598537729
0.11914131634975923
0.0728695134387582
0.08137416438025374
0.05334708360692042
-0.008737633713365325
-0.009902557881217806
-0.0034499855416942494
0.11012505095429462
0.1435874474801939
0.07209042103419101
0.052963790909232616
0.0715464830434044
0.05573188494806284
0.042361803687761115
-0.005299479471965364
0.07032920315746628
0.10257374373131954
0.06846097768771874
0.01944540597878497
0.03480097674466492
0.030219465930318115
-0.01424926057839763
-0.06261881847725896
-0.00948020864708491
0.03257609451674174
0.06086335993552156
-0.0005701301853520372
0.00477075830246636
0.00200207967296292
-0.03829921313711599
-0.059808286746594955
0.004575110679471237
0.03112227090297302
0.04812379417778637
-0.0156283267616547
-0.017303585210572275
-0.02503464329023998
-0.045646625925267297
-0.0740769784515012
-0.01758061769210164
-0.007854392925851402
0.0018572585389261729
-0.016149838160518626
-0.025775395585392855
-0.040532954147915724
-0.05899901546518403
-0.09584699783795521
-0.03537333574435731
-0.02157038514495631
-0.009160718490979216
-0.010574647893164573
-0.01948815500614881
-0.029456045915428167
-0.05245400048606741
-0.08267625147784778
-0.02614666602227124
-0.015178134924753468
-0.009612020202413826
-0.0017033919796049005
-0.008169761840536797
-0.01982187097728267
-0.02426187522225071
-0.028759141956705484
-0.023332334665232032
-0.012817550796108221
-0.0007206628683198556
0.0026694896431009836
-0.010143640988332255
-0.021651383842222417
-0.024274363995409276
-0.030547136495358673
-0.02604860947792794
-0.02041149196133234
0.005501384094084091
0.007291799963068414
-0.010383500009051768
-0.03420810046811108
-0.051715332131967634
-0.05824077755883833
-0.05361689862396563
-0.029886021309674014
0.011266091255851613
0.003246192171157839
-0.01878563547316762
-0.05993739088342817
-0.06248496906680134
-0.05305121450532964
-0.04998807440739411
-0.01595110113108428
0.010723610230416842
-0.013972892893129559
-0.05690539911059302
-0.08733058024148027
-0.0674870607345512
-0.0820099750598014
-0.07552892558373184
-0.016587990794821445
-0.008304679790420414
-0.05023764863082786
-0.066632215126363
-0.0552826625368829
-0.04284277922927642
-0.08438209990398482
-0.05800958914234214
-0.005977188350650273
-0.032320595318726233
-0.0792550916248359
-0.02591637299465904
-0.04161042510537601
-0.049455487234885825
-0.07688486263820936
-0.034110235320956236
-0.007260418061238502
-0.05195069293390644
-0.10311741321374708
-0.005057896077674303
-0.04230352839494614
-0.04511486115774218
-0.05593026523347764
-0.02548529019253328
-0.025344794461401872
-0.06477042125500676
-0.12073935365031363
-0.009192834793109382
-0.025618796915532344
-0.028062736893842047
-0.04937108609371388
-0.036524415778131834
-0.03830992232626117
-0.07852891763714011
-0.1270141176733815
-0.02965677546416048
-0.01737073299302657
-0.016955405319476907
-0.04375262467879283
-0.0440971014586752
-0.04154344023286645
-0.08523774429235806
-0.11868896095118706
-0.0787443919766815
-0.0342325728879198
-0.025901909797869545
-0.03803465571882533
-0.035176688688219736
-0.05972729154533356
-0.09593364493339826
-0.0947837999545544
-0.08259655469599098
-0.035526815995446784
-0.03398454739646162
-0.022571134362306778
-0.029087758664855447
-0.053241307521987455
-0.0811692182537355
-0.07285686511133903
-0.06831587686594587
-0.03418832365297276
-0.029919531216554197
-0.012751329815665914
-0.0243447925921442
-0.039695649996508875
-0.05411532089256959
-0.04590267574758779
-0.040905809018793704
-0.0229845778612376
-0.014028149973706081
-0.009715744781089074
-0.025239172778157133
-0.030377222166479492
-0.024872052795720224
-0.036807171673501685
-0.03363500044040089
-0.020880903175603854
-0.014932653941868143
-0.01708866101667522
-0.023579659017765115
-0.016161927427603702
-0.01039462003516397
-0.023958969204442498
-0.032084586202152404
-0.028904111552097322
-0.025580407142722705
-0.01765484178043263
-0.014834385211144515
-0.010798927015840292
-0.005317596951430537
-0.0026096028809654676
-0.005207817148659749
-0.007919187883476585
-0.013625043342472045
-0.014444459786831577
-0.01365287317767661
-0.01212548133739312
-0.007734831109778986
-0.004846566299526336
-0.007842583599148788
-0.011912315262038954
-0.012766347166334131
-0.013282205044570958
-0.010895350845448617
-0.010106888411391448
-0.0062191319852995045
-0.007662973717358699
-0.01167136465509461
-0.015617545680067313
-0.016329545979087753
-0.020893735136390437
-0.01400635111894182
-0.013249508581636787
-0.006312348284478482
-0.008772037878801339
-0.017339222875390255
-0.02485477104047153
-0.024131158961903768
-0.03269368298011751
-0.022903574790621047
-0.018798856484753254
-0.005145646480370162
-0.004606639502828029
-0.02953904713777641
-0.03314207781733675
-0.033731215494087544
-0.034486275798991696
-0.017883158532606046
-0.010570402515677663
0.015466628710474576
0.010949432593573654
-0.03941952026375638
-0.027751420800636358
-0.026534009321499245
-0.01970620322178411
-0.016264638962846422
-0.0020846297139121175
0.041070061859484024
0.01772068133337262
-0.03865377567275326
-0.010948972745041122
-0.0006688086513156863
-0.005722673354469846
-0.012259945975044715
-0.00019683669125832563
0.053297921281669956
0.02296501492547397
-0.020166048540226453
0.004203592632388015
0.022130171095517813
0.006724142799696727
-0.008079724769273973
-0.00050047173119625
0.04933025750899165
0.02094316845648656
-0.01288758817170673
0.01330914523099639
0.0255326409473049
0.012048064293812949
-0.0018655746879129348
0.01000956544204664
0.04236107060613073
0.014572776562080303
0.007377104276342596
0.03053118893492633
0.01797122729342149
0.01732552777322724
0.0177123720182717
0.02480157136989989
0.02774556948125048
0.002431784975364584
0.013210552678265302
0.011788913883149142
-0.002457585909049926
0.010463717165925018
0.01944395673811405
0.015376744461510758
0.0027915258251760976
-0.013266504352684873
7.205021569215042e-05
-0.011814647949141674
-0.013864551808710757
-0.00838506975213564
-0.0071289324089477135
-0.008786186202746906
-0.011821403687487709
-0.02337763930064715
-0.019056928471802775
-0.023572737630006384
-0.02523637825824221
-0.024564484313730255
-0.020535201104652834
-0.020244725810017496
-0.014217999048780001
-0.01753718251091741
-0.019869377134513776
-0.018778195018656428
-0.01761955872694229
-0.018912437142762112
-0.011425980692184022
-0.012567379611200724
-0.008794769330605958
-0.010605259685695647
-0.01244509081387039
-0.012490962046224153
-0.012367444201009577
-0.01398662208746087
-0.008940357407177092
-0.0075489879501485745
-0.0042157146880078605
-0.006353944603860333
-0.00877592020436698
-0.010526738233916247
-0.01357014803680662
-0.013923693901476015
-0.008671897909057225
-0.006308957095604795
-0.004064555250089931
-0.006507958897974845
-0.013193448555256712
-0.032070578559881956
-0.04139563226172186
-0.04283827021141161
-0.034252387346259384
-0.017850447046362666
-0.006629047626917124
-0.008058432593558857
-0.020399270554052714
-0.02725729437624731
-0.027989709251586226
-0.02331661686536092
-0.019766151431075994
-0.010328013959168299
-0.003684393713822059
-0.00928871609526921
-0.021885620224510176
-0.025640067040457667
-0.024030976990489335
-0.02098024171002924
-0.016769826972198122
-0.004185460773594968
0.0005299805072874276
-0.007670034625376384
-0.020292271799908154
-0.025637082372293413
-0.018779845063825698
-0.02024239151116296
-0.014841095477960736
0.004181185953914419
0.003619649155094576
-0.011965312296031887
-0.02141619067528823
-0.019032562781027062
-0.018336828344476246
-0.02007781210908445
-0.011835524130883832
0.0006101302651187805
-0.003735564301918541
-0.03409430436617334
-0.013311978937536585
-0.005717731620913031
-0.025245468682109973
-0.015535258346503045
-0.011013542912539035
-0.02302620494296006
-0.01829907640659712
-0.05264672663951116
-0.007617585500818853
-0.010728527213602842
-0.0159167214108801
-0.007108691850981617
-0.019814211381503966
-0.03960956865704589
-0.026694261142927545
-0.06754050626278815
-0.015329848014692492
-0.004663660613199941
0.014153490666890103
0.008850246352409918
-0.022769980985072123
-0.04361432250434801
-0.03312461559117485
-0.06784260135720291
-0.020779967126246288
-4.8995040778692246e-05
0.01544016873878228
0.007805666815024683
-0.02034871683586841
-0.03402354389139066
-0.03852953333234574
-0.05705670808008029
-0.016297441554129887
0.0009838531007729117
-0.010310331859421191
-1.799961075180653e-05
-0.006389134229352881
-0.019283981402979645
-0.04259711528055264
-0.03451248079219789
0.0006836092651433163
-0.012445228188197523
-0.025344620734352497
-0.007595673623588913
0.0014868534651503768
-0.00047001680596878636
-0.03230920342591786
-0.019209693344678855
0.004252574830300566
-0.013640237663863526
-0.017706758741950167
-0.007498592591347098
-0.007927371423401473
-0.006170010612648812
-0.02492981758478086
-0.00866781608984756
-0.0015894019930063467
-0.017977612888955094
-0.01979793785080533
-0.014073511761501012
-0.019041232131901228
-0.01812635193551032
-0.023972735345775317
-0.008717655776729588
-0.009139771167564113
-0.021795041198071807
-0.028006267434273528
-0.015851172801465172
-0.020416768280623998
-0.017275583436131413
-0.018420438508934288
-0.01050691340347007
-0.01222277934749971
-0.020409626031449704
-0.03155630714838117
-0.021923916413733396
-0.02968645889719188
-0.024253988139034902
-0.015188792522500622
-0.009777280776503689
-0.014026188279842136
-0.02293937500984109
-0.0367253721353164
-0.03971978332728389
-0.039812741569837745
-0.020151468068016643
-0.012439183665690457
0.025188054828116622
0.027575799051290945
0.006462949603654645
-0.013532663166651165
-0.013111778246684344
0.012852301416104833
0.036309783229370875
0.03768600822508532
0.03252348134442446
0.045506183824469616
0.02512656100235849
-0.001464723938134976
-0.0006546177543052397
0.028868810561808952
0.04906740970952661
0.05285688092692185
0.02969043281029293
0.042417025077292614
0.035051077601210165
0.010192419917260812
0.00955263046086495
0.04405810416676183
0.0649806673999538
0.05528274214375531
0.026399320353613993
0.03146506383357627
0.032008216774752137
0.030143562010432483
0.03347351571281212
0.06227029160338059
0.07485891689195041
0.045346505339187056
0.015567733202160703
0.019193693181735413
0.027995612000259688
0.03209249000738251
0.04993586072591045
0.08283212793411045
0.07076455244425353
0.02867346540598213
-0.0004560801520459876
0.009114730710227023
0.019181101890735443
0.030255866528279635
0.0608321479904352
0.08737645513502608
0.05525130645663161
0.020783455059560408
-0.016259969319025725
-0.008337646134395091
-0.0004887004666057393
0.01968144752980144
0.06678737736023997
0.07421841472949373
0.04327746465811049
0.01762939309052953
-0.025065278756443595
-0.012465869687593374
-0.012472918959638918
0.0077671052159495844
0.056979688746485256
0.046579284606105366
0.03590313803520314
0.010974153358527661
-0.02684918928515333
-0.009027194559780849
-0.001113677631938138
0.006935558346723318
0.03135842399286431
0.028592310341687268
0.02011970234245484
0.003209831255553596
-0.023240274100807617
-0.0020186798660515905
0.021343259747008732
0.009978803375514725
0.01843640271830584
0.017372571044603748
0.017019407232774543
0.003212776883252188
-0.011025834506609423
0.0185845547353133
0.035455436386337164
-0.0020573457989247
-0.0011308831907463441
0.00987726255063454
0.015061423288598441
0.00752461118260348
0.0004871869789363977
0.027524412409109616
0.028248005311816506
-0.0015593465723635785
-0.01320464246678755
0.0031987663727033257
0.015929422413145412
0.010375219777581301
0.02578194024206697
0.03317771233153116
0.023262980832560107
0.0048644585847149
-0.01762234961322742
0.003545090452909489
0.01902844893948985
0.013241674517902558
0.03598453989898261
0.032262762429370026
0.02617492444307218
0.006988467252444366
-0.01496700148944381
0.0021586186540726985
0.014692512308966135
0.012138485208686404
0.03498581121700888
0.030773291274526632
0.027474942695941734
0.010427554993423079
-0.0071309581366870494
-0.0001597891717094386
0.010538214408005477
0.01032000057975488
0.02865689221730117
0.0334979824467102
0.033216031389193226
0.02225700252825113
0.0003106297652044561
-0.0009967181023826147
0.00905071618322163
0.006285388097565583
-0.011424256448692594
-0.0233251207085403
-0.035567292182492195
-0.0607756366867796
-0.08370951138901263
-0.052893957767447035
-0.0409568716378278
-0.020522849680069122
-0.012218141967114307
-0.024673113199639336
-0.04024537706836356
-0.05005016582504687
-0.06486934076760674
-0.05617602765466727
-0.060319065411963704
-0.03444291328501501
-0.0249541171026399
-0.03425835266198073
-0.05811748921939977
-0.06275829720013355
-0.11082333936054255
-0.09866479941513567
-0.10131872449909088
-0.07862082094206348
-0.033214152358477744
-0.07053024951937217
-0.08756798166578524
-0.09639621619711608
-0.17506142832189492
-0.15710700413909684
-0.14969610432951333
-0.09752716355599245
-0.05002772632379187
-0.07405482750757546
-0.06011489842438305
-0.14720815501219162
-0.16780638788727878
-0.1261242745931574
-0.14380744976319731
-0.09779103405714545
-0.09086617734123972
-0.0814319507498709
-0.14295866479867417
-0.1832913744672202
-0.11402086680304671
-0.13372785217159308
-0.14888119309220288
-0.09265619486952133
-0.16790483179630725
-0.13780620240687827
-0.19199712097826196
-0.16814745422532437
-0.09712734823572106
-0.14392504983264048
-0.12495127936942235
-0.0899183833426543
-0.2128025167342861
-0.15190683963891208
-0.14416651565085514
-0.13657688201014137
-0.15048078347333735
-0.14289453830148324
-0.08614429573068463
-0.08326735670779133
-0.25931762175637063
-0.1429257451265682
-0.11530657517052888
-0.10906856392502266
-0.15207198671790484
-0.1303875032763376
-0.08389865224111748
-0.08722670246662605
-0.2455634628900801
-0.07869656717170259
-0.07508474423781508
-0.08161859458565288
-0.14256347870123257
-0.13915129555103123
-0.07533380264705644
-0.08948783959630312
-0.21191468796601598
-0.06937979194082364
-0.07204473349965984
-0.10656609479504679
-0.11648369574373046
-0.11519131303115379
-0.07099887420153561
-0.0734436000449654
-0.18337601846104687
-0.09821311717185519
-0.06737223116737205
-0.10524034097321057
-0.06956657324858528
-0.0751381024382604
-0.06429926353792262
-0.0783347406889013
-0.13988658502857387
-0.13213629383883904
-0.12338365903712221
-0.1466595446741833
-0.10911837971487992
-0.09392897781775263
-0.07285391589870245
-0.0696662307139113
-0.06963084524093789
-0.08572453406117873
-0.10521982542305158
-0.1304546258197551
-0.11095328650085044
-0.08672708281398518
-0.0654349776561069
-0.03991459920032496
-0.026984317745539898
-0.034150030532269074
-0.04951947134626813
-0.07746609588041245
-0.06362646012035912
-0.028632085027151314
-0.02694762569603907
-0.014328870821217187
-0.01788124154031407
-0.036892338768133075
-0.06006936416629679
-0.07281776983750629
-0.06293434655478529
-0.024304755267759923
-0.016841116261032085
-0.0071197490747201345
-0.005509149594799801
0.10184947957126193
0.05467290917659154
0.01371471622406988
-0.002453787171604077
0.011526812036320624
-0.0032534128529350037
-0.00575337102363694
-0.0037920093853442472
-0.003095120691293196
0.019445463125232813
0.0701267245842796
-0.00918389969815902
0.05008837375315901
-0.0022953080821577375
0.007960574348341794
-0.013467577456033726
0.03920600661315174
-0.012103994964162326
0.08204715362815165
-0.007932397891875184
-0.007727442330917266
-0.0033572672395363896
0.015027958812514699
-0.004807950326007871
-0.01003785075876349
-0.003446133125868328
0.01969589923855791
-0.0017540650601921685
-0.009768990570324935
-0.0025646003729685725
-0.0036376047304558378
-0.0024880627630338857
-0.0028537581138855816
0.012713169221339695
-0.0021507248427339773
-0.0010135592984855566
0.061804583800468764
-0.0057949380131314225
-0.013358176550546887
0.015062609067872466
-0.003949559229125188
-0.007120703634313489
0.014018924517446655
-0.004370408101212659
-0.0027453630222000164
0.010937924073793702
-0.004507210294382978
-0.0024178612720116757
-0.002843709631528446
-0.0024744341883551043
-0.006695733807528213
0.059620572835043475
-0.0016596825864421039
0.011226915257682653
-0.006653409159200752
0.018404628279419657
-0.003129284571039104
-0.0025780462552958405
0.016292020724817634
0.016303399577160788
-0.0042925387695666815
0.02935276818517015
0.005454595582406856
-0.004860812282058206
-0.014723243958428769
0.05721874731904237
-0.006570117817103865
-0.008370820518318521
-0.0069346405279691785
-0.005321315919961302
0.032457148996051656
-0.007285598810323357
-0.0037466316199482614
-0.0015784461561189206
-0.0017909533573327206
-0.0016346824539522035
-0.01268076684367665
-0.011550552708875114
-0.006692093744578813
-0.007095566363242765
-0.007901363257312787
0.012777415822571575
-0.01774054607872116
0.005686821430928703
-0.008612461137105084
0.017140518469006084
-0.012610218896180594
-0.00599999464283811
-0.03521669852199942
-0.014528175477372257
-0.10960665101054008
0.01190369377371953
-0.014246623662069883
-0.028502723855126193
-0.01734099923387846
-0.017804713007908264
-0.01839181924539544
-0.005438459558177358
-0.021081054776354947
-0.010738981439503536
-0.008095007131211108
-0.006717768623979818
-0.049427150264344646
0.012161306699898069
-0.0034550890539095653
0.07270000285761197
0.08746170748116319
0.014420474255892006
-0.005663200444191879
-0.001615022653238685
-0.0018055292182880501
-0.0033309087025145062
0.009894970764843388
0.01617282711740014
-0.0014024148895067996
0.02563841035835086
0.05455581471723993
0.01545571575265441
-0.0040153929773699285
0.006176505995753609
0.08708946660930246
0.03685683216362986
0.02744827492898279
-0.007911478471472527
0.018477691055226158
-0.0024348535268031296
0.036542036809810975
-0.0017503918679395963
-0.008230230674800028
-0.008282313679786546
-0.004613595644634998
-0.0029422921139979994
-0.018828090791747406
0.011133815097080868
0.014275243141304725
-0.005545875422884598
-0.005419693336712004
0.028132087758463376
-0.002947958417370289
-0.002341261490685193
-0.021549614813362154
-0.007297024475469294
-0.023000429113882254
0.022073590480535935
-0.003937435202768945
-0.013223142261698973
-0.012518291166097244
-0.005527339667616266
-0.008611182065772095
0.0035035217964489323
-0.005161214323746047
-0.0037081316173663385
-0.0034348695237868677
-0.003121810540713872
-0.02163432971831968
-0.0024247481574393003
-0.002612521482491801
-0.002604516151267619
-0.015693148708097775
0.00944268081400577
-0.006563439110561017
0.017961713275865085
0.012753913008717623
0.016767031235933424
-0.0030607415255657017
-0.001138880544556341
0.009617773409342948
-0.004894123309570826
-0.019252051282960748
0.015213933353948276
-0.002971622124166942
-0.00601018107865253
0.011621002550194937
-0.0035760086072263216
-0.003077986665906504
-0.0066254786959226535
-0.004660977381741357
-0.0024970214226151103
-0.002013135711124329
-0.0020063891143623264
-0.005646892814344638
0.019417613605833463
-0.002151273420182708
-0.0025492454476634314
-0.01182293669253597
0.0099106444681027
-0.004157682492174379
-0.0016214839067199463
-0.001677041135893841
0.01602420086723076
-0.002397208324618709
-0.001477153453147307
-0.007392776993027712
-0.003171930559480162
-0.027227260148882954
0.016517859790466313
-0.0025312494028690074
-0.0063055515081016965
-0.0039156488183397795
-0.006602201415954422
0.010559056275084022
-0.005422975688098628
-0.0029804109687915723
-0.0016821363710342247
-0.0031402964998205893
0.015086946535493246
-0.009826918383514622
0.038875221335619534
-0.0038449545003127143
0.058608722555935494
0.011980151108444075
0.013186786981159535
0.02737316619673705
0.012349916294989665
-0.0026677445460001827
0.013819623405779096
-0.002779043020466832
-0.0014517916936052453
0.020234446790357245
-0.007493913467878704
0.20955814612430754
0.04225102494461883
-0.008011277418090216
-0.008076723316454475
-0.007920985086242437
0.031960260308119576
0.019849575399391712
-0.007070975100024334
0.008952176012999675
-0.0031190217305375203
-0.005010556191094238
-0.002780643215014833
0.04981264106205256
-0.0033726999399623656
-0.002552754429659071
-0.0016850202080835094
-0.01486016646623275
0.013124932620011489
-0.003899504439882125
-0.0028155534728631537
-0.003190499427181438
-0.004638057128812038
-0.001953580136766219
-0.0009593061734666657
-0.006697735402326225
-0.002959630227941444
-0.011973411418405135
-0.0018733047181347584
-0.004523646941322037
-0.004387100083666329
-0.004015524196730942
-0.005703885197410694
-0.003165787787566731
0.0016153071317021857
-0.006058017074525821
-0.0013103556112410827
-0.00326088235253755
-0.002716931052114907
-0.009193289304773297
0.0184371834750364
-0.0013267175201714186
-0.0013034636628768733
-0.004061460529353701
0.03745661396275317
-0.0017555885046396601
-0.0014217131261367217
-0.000907024162762243
0.03762815547865774
-0.0014610630607747254
-0.00115970859122621
-0.006790646762675577
-0.003336214902574985
-0.0013172465462199612
-0.0008729757495346947
-0.0015637511715402524
-0.0033877794069564417
-0.001966519310454975
-0.003774520196914699
-0.0021437876287464038
-0.00736528498631199
-0.0037031832959625753
-0.001137082537160668
-0.0016441130450993745
-0.0016082701160936193
-0.007511200616153413
0.004203169926007844
-0.010716333076360031
0.011205308852073893
-0.022930964846590397
0.10234875134767055
-0.015675736083950623
-0.005710158107207641
-0.01374490579862825
0.07053427176848097
-0.006484154320057095
-0.00486734032857001
0.0038202567652331214
-0.023042087237051086
-0.06409230740105877
0.025528699792792684
-0.012228355141334782
-0.017360031325096874
-0.03152690225916507
-0.021558074840881535
-0.012110469094813902
-0.029976756814958903
-0.01638135112227554
-0.004499043786326197
-0.008467028360846902
0.09792758523749137
-0.048786483824103014
0.030349964647616034
0.016941025306155235
-0.003906253552474418
-0.01550583962097161
0.027779666109513948
0.004984319309629158
-0.0031488523352262406
-0.005708918824714713
0.0009931552297161566
-0.00471320663838712
-0.001753600805785541
-0.014577735107672603
0.008095745439719724
-0.03996705321600617
-0.0038601193448120903
0.08569973104764321
-0.01024492526365502
-0.010802366257501332
-0.010903446996370227
-0.006591165333547454
-0.013102429812488397
-0.01030535582336895
-0.004526226820646698
-0.005494085503176935
-0.003199007559528532
-0.017670065140581115
-0.024252279121093
-0.02258757772220004
0.018281340890741786
-0.06709072119279678
0.03666414958164616
-0.040584568904860834
0.2200478447257661
-0.020020163610933357
0.03762613818822054
-0.013730350719411628
-0.01254611336679285
-0.05184498618200505
-0.03386109649218734
-0.15670442541167975
0.006549519614852496
-0.03381453111732319
-0.05598329802526515
-0.03130540987201951
0.00880848985023961
0.025418594502380994
-0.037142397832219114
-0.034325508885546877
0.011898466874528469
-0.02640064493101772
-0.01304371133913568
-0.07261656887013213
0.015048202641679448
0.0195078997484182
-0.002219918230333991
-0.014329190243324137
-0.0017003434415504587
-0.0027835072567574453
0.015224368390622507
-0.0021908021673996128
0.019181935111929758
0.012875809268215192
0.014609070814933622
0.012422881519418984
0.07785369326160647
0.07064513774059346
0.013995055801841863
0.014713446139623379
-0.0043885964706384195
0.06024658015735294
-0.0044353046439382674
-0.0023431375403765576
0.06925526359270108
0.016286850074389438
0.0324084993475141
-0.0016678438125959712
-0.0017607236334542039
-0.007557279240485729
0.018588273515306657
-0.003932629852612366
-0.004433418612556919
-0.020658769303953217
0.013239960087362673
-0.005665998011302164
-0.002371389105041894
0.031094393473445576
-0.0038668574970138615
-0.0052320642960044066
-0.0026142533308803027
0.005465067964995249
-0.00429939772132002
-0.03250470735319017
0.019517928929342288
0.009893965366091042
-0.008989594819203073
0.03397228272846138
-0.0072809448625872145
-0.004248128602429232
-0.012902508823907586
-0.006641088131239687
-0.004138906433933289
-0.0052183172722946895
-0.0023747612184511265
-0.012227794351839722
-0.008734474899679143
-0.010149270623822535
-0.005574667666959126
-0.029291771909136392
-0.00993391723500705
-0.008808908021914757
-0.007875439941849392
-0.004493261635650988
-0.012990178559870618
-0.006404107563023112
-0.004326491186935173
-0.02053223126241142
-0.008570723560125683
-0.07410857782164375
-0.005866442331209343
-0.013669479128715143
-0.02244903805819725
-0.00887223442937065
-0.012302017863245465
-0.0056062605088333895
0.03484333980189946
-0.007615850288580556
-0.003040549009172602
-0.004274437343512138
-0.004210027572779336
-0.031665999775579365
0.06947505148067344
0.012957801562034252
-0.004188509011424453
-0.01914281278213451
0.017054565494713143
-0.007063392074444768
-0.003872806660712739
-0.006130787512488022
0.0603789252262935
-0.0038674322198732655
0.017175608065377938
-0.029240368217096736
0.023334019957094606
-0.027065621289436157
0.07299468611025228
-0.010596482873848033
-0.011020117473732941
0.012077991791025956
-0.008014470626293296
0.0062502635922335684
-0.014240535002319664
-0.00572695028171424
-0.005970721894509174
-0.004657087814359123
-0.002971918745715169
-0.018721442988911628
-0.009904491480988637
-0.003713117164582003
-0.005839537325903948
-0.025781733638714593
0.00706140722923223
0.0038454358570691443
-0.0069822537615789465
0.018018612274896637
-0.012677952082764428
-0.0049643493577196905
-0.0022875113806449464
0.0001409013776443657
-0.015483709296764944
-0.029962197778181612
-0.006856368601318317
-0.009698316823943622
0.001639844561368701
-0.016221718191031936
0.00658070575944855
0.022660207792098295
-0.013006062706126089
-0.010624638938961673
-0.0038371810889684353
-0.006005971339523425
-0.006040266615631849
-0.028675577886977104
0.018905487993322173
-0.003584725752201369
-0.005378347787426737
-0.009238067394625649
0.06092371383540821
0.007678931781866379
-0.0034523803678302486
0.0077374467350821395
0.10531468564569098
-0.005611140202134084
-0.002108663246970097
-0.01150127059249872
-0.0038016092157600475
-0.027436690801424527
-0.002795615897972747
-0.0059399103915785765
-0.005592899165635918
0.009568253289756136
-0.00488707251958469
0.0030587439739448237
-0.007564318387233948
-0.003678210686247417
-0.0016183061971348199
-0.0023271729043428087
0.012652234816135212
-0.017633856993404938
0.010617662380385655
-0.004855923744377926
-0.010475151240825913
-0.021761522375271125
0.002635354109147689
0.01082990567310409
0.011776925303687834
-0.005391701626659018
0.02798502741969058
-0.005716366052377664
-0.005955491610304009
0.021925244647641225
0.01313445014570131
-0.010097529777538028
-0.0036780541930607367
-0.010202916296263357
-0.020366199790580842
0.004811444499424657
0.02577189958953798
-0.01230261613527603
-0.020613099931797416
0.0006716909361257656
-0.003992175205877935
-0.009521539810186106
-0.0052041867265728466
0.0027087444601272075
-0.009333998199635577
-0.0031964880958932763
-0.005155610248768699
-0.020273859499491162
0.03945192287582921
-0.006278406784191908
-0.0027576826015545696
-0.00490301154821656
0.015634745618990198
-0.0029571731775196296
-0.0028193585517872263
-0.023673797529299306
-0.006428214020560387
-0.04062473775063791
-0.00484916721431017
-0.0075541253015210235
-0.012910589531828049
-0.009457511633073444
-0.009816311126973627
-0.008128021817047823
0.000468796161752226
0.014717573614160413
-0.0021257269769270897
-0.002863051679827953
-0.002222714377370925
-0.012204908519144218
0.018777266790075995
-0.0012275432690342083
-0.001230753479007142
-0.005874320888337215
-0.001195496992582453
-0.001914134890395354
-0.002651134594240144
-0.0025103739867017687
-0.003615333709574896
-0.0021276115957066027
-0.001543455089845108
0.00808459837149216
-0.0022408387184916323
-0.011725433444361577
0.02000002958312856
-0.0023657326661512277
-0.00673747148616381
-0.0031508184252136
-0.00454779921156929
-0.0028695036482452923
-0.007085838947307617
-0.004144357449266631
-0.0015176166622759364
-0.0013457564903609181
-0.0017439695453341454
-0.008830016392291602
-0.0033668785876477454
-0.003081361498843593
-0.002148772368119392
-0.012564211952526865
-0.0031866901690793268
-0.004881339324630814
-0.0038205627498389587
-0.0019196628946472488
0.01581958288187552
-0.002107136547815124
-0.001461846641848893
-0.006356411657636174
-0.004051165186506796
-0.019625081765004517
-0.0029763976706887727
0.0159238227736655
-0.009106268648572042
-0.005081963741027095
-0.005966608618209408
-0.0036517635494025895
-0.009997754975946297
-0.0029081017327863595
-0.001229322075512675
-0.002803398547353942
-0.0018972625903780323
-0.006136444603383881
-0.0028320954339236663
-0.0012192048090823905
-0.0018394131591235791
-0.006500267071854023
-0.0013936291638650675
-0.005122190686681182
-0.002498531452056922
-0.0026163807751792196
-0.0023555012474493664
-0.002258027316961714
-0.0018195289353770923
0.012984586209216527
0.008522452299373724
-0.012563561025345922
-0.0024445997013315102
-0.0030176155212161293
-0.00462932433495305
-0.006679436329630814
-0.003607959019539563
-0.0015484850356600947
-0.00423867378597226
-0.004559354875994573
-0.0019309325927984236
-0.003340583520354216
-0.001876200749737975
-0.005441360350539496
0.0008016814033569289
-0.008188667821286326
-0.014750927921042777
-0.03157625739004551
-0.00047248601603027
-0.013185245653577619
-0.0122295267116912
-0.011108315865305942
0.02426587031973287
-0.010757319015040782
-0.008750570810406701
-0.014365286230930707
-0.013471341471374965
-0.08668638744271424
-0.012448441173416706
-0.013418943730275886
-0.0214777604915007
-0.02377296046382087
-0.02845389863725604
-0.017948942056914777
-0.02226029228602504
-0.016490850326774453
-0.006655077713478339
-0.005853618490668203
-0.008232336776995182
0.03337551161431339
