-0.3770687885135775
-0.4640443908827834
0.36708670345001154
0.2962968145881392
0.38149786758998955
-0.25280711926617977
0.13121131102106762
-0.2412997879643386
-0.2599025832725785
0.3681409863253148
0.3488810247814919
0.21661628798083302
0.19655222987444204
0.17754878730895263
0.3472769490890123
0.0822867411932636
-0.4391913530309649
-0.01597178597200556
-0.07057017587742764
0.20901957433809118
0.18475612894026627
0.14142894781562235
-0.0768328407834362
0.23627076241480993
-0.32582165947356795
0.006490195241606967
0.16428702358775252
0.27206892655792475
0.3274092021897307
0.23941555233666809
0.12721323929159722
-0.1227192874663754
-0.5936189528236326
0.28534996450731
0.10756129417988915
0.2331032301906237
0.3813517021583805
-0.031319723130304566
0.1136877742824212
0.02688271746099419
-0.5084123327679414
0.212730684834535
0.3034446932570781
0.1614161559107147
0.1384244326922259
0.10633311513383426
0.0361604877547371
-0.029495005318165336
-0.2994620520235377
-0.18093507971541678
0.22869855733622343
0.17493759439823262
0.04072457207883095
0.07068800511998041
0.20379972313566347
0.09383163462416612
0.3707668501217823
-0.2995529425065665
-0.0420651369576869
-0.054823431021239086
0.21181704527139975
0.4691900766203159
0.46932964243687175
0.27429620141323297
0.8164129796622909
-0.19968276924231884
-0.20265816467935063
0.40550633325414714
0.5556695476216419
0.5621854218501019
0.7780167717758916
-0.028428600452347595
0.7981979776812973
0.06938112800286886
0.05922208750128092
-0.013949283234022284
0.4223220045990454
0.701145582802287
0.48395473669262395
0.3840630923894843
0.26349706847253884
0.13594306134734718
-0.16398216245640126
-0.2521208004302318
0.2218288703550485
0.21609136259921546
0.30172906785043546
0.7916020543527414
0.08592629159444713
-0.02704998416312881
-0.19547619836740796
-0.3098772330433795
-0.012355521536890554
-0.08454468592781961
0.1438167997703221
0.6763113942750947
-0.037577681418955455
-0.24563976992389813
-0.09209988595977088
-0.49894753519260027
-0.1179573543013061
-0.3184170993319897
0.2663215965884458
0.5843463344343666
0.4671320000149469
-0.12399266477952497
0.07313675372936876
-0.5545449239413844
-0.26518884807971255
-0.4738309539411068
0.1495644841272174
0.47153045362485074
0.22704191745539898
-0.3310517974184
-0.012600712818993644
-0.28006786110570525
-0.7922589338828966
-0.13655000817811405
-0.6683127059501021
-0.03916302651090414
-0.2265152501699518
0.2080521821012499
-0.3902893079657496
-0.6244987488485803
-0.7179280395331108
-0.48733283428973695
0.004902467949353738
0.32050548193789746
0.2827036720745829
0.1425837357018535
-0.3645030808761639
-0.5597191343402064
-0.6276187396815376
-1.047201847087732
-0.7808595576681305
-0.661942504056158
-0.1402339104666953
-0.1363204158420187
-0.5444380013832376
-0.11041818344924108
-0.4859057682608512
-0.4635017526370115
-0.44990330823597763
-0.42149484646297414
-0.05272187749334214
-0.21567099562641157
-0.29377943615298274
-0.3396576282639523
-0.17847607002766225
-0.17447394907946273
-0.7493653599485338
-0.17648315611822116
0.06119009149130189
-0.19799130812244803
-0.3789290600512952
-0.3348120797473864
-0.46468837722487294
-0.1043951107195643
-0.14483014054732807
-0.2908379931777336
-0.05958199440689612
-0.16963747691168157
-0.25403673908051483
-0.11160192705219972
-0.14601663902786527
-0.8048246875031055
-0.5072165268251198
-0.2926666324693728
0.16889499523933812
-0.293902079715183
-0.37080884082251164
-0.3120745603048873
-0.5023014366184795
0.10157700804549775
-0.44688872912323346
-0.7921136837800723
-0.30435031256662676
-0.041863201244048
0.04820072214574866
-0.10261010524184054
0.0017466947827037196
-0.1135218114405864
-0.2471764108019822
-1.2387950358850457
-0.17338084501956033
-0.09258108785430466
0.1155709202887549
0.06756073336774422
-0.19068672924620803
-0.032955086565878915
-0.2307838409736622
-0.33749968145156106
-0.30400508651688657
-0.12403202482729647
-0.020328236343045845
0.32198507247473057
-0.0444574753929714
0.016002117740200304
0.06711423011418455
0.6675909268314351
-0.34041445013358784
0.16337934434923304
0.13288633006791045
0.1460485559583226
0.2322730174589607
0.0013994671782990324
0.12268260317763355
1.0118062774253138
-0.1129215581673249
0.3537046453932315
0.3470756150756707
0.13441561004727406
-0.2558014100820922
0.02934296954302211
0.527490194768413
0.9391539900172814
-0.19235981396862672
0.37920949076323923
0.3825344962092433
0.4036998082087056
0.19441901632082334
0.48709902846049435
0.7600128132517756
0.8285558119191077
0.12335795910921328
0.3437753089274664
0.39828627957921514
0.7064199437253973
0.20333847921649953
0.4191610183780904
0.4503268459131861
0.5513513748496636
0.33031839163645
0.49618478379582676
0.7645685869422232
0.2927416686125406
0.47775242073607765
0.40984947053242776
0.5344633347901817
0.4203781496932436
0.591189094273053
0.41778833647700603
0.6493729573828038
0.4432717323381893
0.6975539805516776
0.31880874673721504
0.3441616812518295
0.0894216670174178
0.5328377877250934
0.8469607664209751
0.7077184175965844
0.8598341601890662
0.7107706228792573
0.35414736605062996
0.18570672383380615
-0.428612981576649
-0.44717276466159667
-0.1888448421640699
-0.496094044288609
0.10437433549058561
0.40351073923958
0.07912665153043967
0.49480556499089984
-0.34408039489587083
-0.5845633228744731
-0.07779887568027483
0.1117271604038707
-0.036779898644734785
-0.028494198055468087
0.30389978590105204
0.06805454561605537
-0.18307082151375736
-0.5834067017533268
-0.6382146892796585
0.050325676127219804
0.3081194720876872
0.08505161448627181
0.3494329958866505
-0.021562980263540848
-0.008532470956627146
-0.6154252055479635
-0.21160195260313305
0.17820419764860115
0.0618757234145259
0.35385199741138723
-0.0715132717082794
-0.04690349787160409
-0.16738045452669545
-0.47993557494002737
-0.38446138145877956
0.1025358702098928
0.43716424584804875
0.10865780353628458
0.12795953387253733
-0.2384711202246692
0.24687906728857967
-0.5980555068705926
-0.10078113179256858
-0.07006917242497408
0.3045519801789434
0.017004017676528517
-0.039717408652790595
-0.24316820581032084
0.21511096551248907
-0.00893209087972281
-0.37369119590119365
-0.06707481050111408
-0.22827976291780258
-0.5495673966225225
-0.35780674536992096
-0.4414490564879179
-0.6147238794101841
1.0663347630672448
-0.1368495472157364
-0.8414141808629371
-1.3756055256892794
-0.28023593216767095
-0.5884352456587812
-0.004652523836566543
-1.4045907495589753
1.6245649331768248
0.12484876367550281
-1.6240100494569156
-1.3588345965105304
-1.5128625139534027
-1.0311908956753746
-0.6279536402395225
-0.30162991781823945
2.203992841873625
0.944534692909039
0.011701048838120166
-0.8038513883264257
-0.7913183173664078
-0.507235090394525
0.015646571646379677
-0.25655746557391007
0.7467129090346187
0.12405739554169519
0.11308388497584772
0.15933838443292592
0.16155897897646507
-0.16537629493625727
-0.030391517637288045
0.18315625099239452
0.014073376697384827
-0.25158473837338063
0.28227729936053786
0.23840369102297404
0.2210663969507955
-0.039420166613194335
-0.21643973255360197
-0.2815836241944434
-0.35083722709483517
0.04037859510572845
0.3860363276205239
0.2554823570448833
0.10925309818868692
0.4292118852597281
-0.21511215442107676
-0.1956982221237391
-0.37271875549479333
0.08563633401747908
0.01060633989401511
0.5163275562015209
0.2704058583775024
0.24245635466167398
-0.04961483427174248
0.04513305067059871
-0.2193358953728168
0.1910770039415798
0.1472028750742363
0.4246501493036337
0.43976894818570295
0.26930213098699984
0.24239410454540836
-0.3643614090223584
-0.3045911637218592
-0.23370124225194633
0.16621800543256318
0.37371547868112953
0.6209667062484321
0.888646153769704
0.7700479858567746
-0.2981881158347836
-0.4528669282190697
-0.22266073951725276
-0.6828576460078987
-0.6310010520035514
-0.4130047275046497
-0.32824627431580033
-0.5121736887918311
-0.3161934906410231
-0.2639699896087807
-0.33264516697766444
-0.166984306695698
-0.22978065679416274
-0.5215145208503518
-0.06379640499826578
-0.5915022703284388
-0.17695681802070395
0.19450933002307932
-0.17399003956206271
0.18341805688966017
-0.03135106031090382
-0.045071301653695266
-0.4386182137648785
-0.36254470237175573
-0.5030020517091951
-0.6370818989939209
-0.3261811655395039
-0.47490194971948957
-0.11148886267865588
-0.19313537705028364
-0.22897178755972705
-0.2907294315811884
-0.45657927339071186
-0.39464880657218004
-0.5204629564634342
-0.5034614505813091
-0.4024834555353567
-0.20662326680477494
-0.05264801349226828
-0.29104635120200184
-0.355312059020893
-0.8587457432047653
-0.18719835213153752
-0.18694605392998953
-0.13942756723501468
-0.2658817822191381
0.16993887300659646
0.1698800799292646
0.09091194955812315
-0.9131801431631748
-0.41120240945563846
-0.33297759706079005
-0.01851589720448145
0.16767504444778153
-0.021641228813637517
0.5173807269316999
0.24446228096621184
-0.9171946462160899
-0.2974436498098192
-0.46961258157786784
-0.06691560803733376
0.18995968750689773
0.2908057188567544
-0.020495373146562735
0.3456466388696099
-0.30241704531628777
-0.07530760757873392
0.2308897347087935
0.06166737180363013
0.1393713333947654
0.4190875010950367
-0.1398505149612358
0.506165503937699
-0.03809484222190609
0.08753753158182634
0.15017084906683034
0.035929736686153894
0.2975141885647314
0.18384699937572743
0.3957741682408362
0.285739496342713
0.33493962917106157
0.07013736995982248
-0.06900465126888906
0.06194426542973606
0.636647873811421
0.29640685829410723
0.48031176208867826
0.17506551461582145
0.5131895696039205
0.44521789177909615
0.3050345980151822
0.21508635589298308
0.44536889286053905
0.7260387504252005
0.47453895791706274
0.05250952407261031
0.49488001729798603
0.5714664531191533
0.26990369770611533
0.369558576028706
0.2854766354101882
0.2963793996194413
0.4534582156811285
0.6179450024473909
0.5281603722152599
0.4849258069565915
0.5231309836429766
0.18458792135526597
0.33982935413885995
0.6923224824648817
0.38868586192521126
0.49124687468849493
0.2651402448709342
0.4901103506805214
0.4495756822706457
0.40547740190183423
0.4119516237042982
0.2685400447806509
0.504759789436148
0.5192754979601478
0.3861716483709295
0.4492478449367409
0.8331372003395014
0.846579892539347
0.5041134659906454
-0.09006099779628397
0.29298293613621135
0.7068465679546528
-0.5551749777693347
-0.2923792402026428
-0.06826030401500059
0.21157955907305503
-0.1718833892693805
0.05056728098839599
0.5727332376519987
0.22366360424822587
-0.37365374259291445
-0.07935969485284187
-0.17804239343630188
0.4089793492151076
0.23128084462821633
-0.019773708740397546
-0.05331970928676905
0.01062774495337925
-0.2504430748179053
0.15437653844334664
-0.04552511246023082
0.10445363058724527
0.2524381587945031
0.031063538426533907
0.32997946503462705
0.06998457567589285
-0.307946661661017
0.14435952680620373
0.34999602231538984
0.18178644427735674
0.18302340881904824
0.30183292530762956
-0.06978294019438122
0.21103665328397858
-0.31849823017989176
0.3776438952554168
0.0762246647054383
0.39335370598343394
0.3187034097625332
0.19150160833763208
0.14123379253314697
0.5521841236589761
0.33865034171347447
0.35374771433714836
0.39447982969532697
0.11745722611810061
0.11779059372376921
0.1414737095283569
0.20842467322263233
0.3012784228090961
0.47694015323605443
0.6037339298389675
0.32051694772158035
0.33024813645216267
0.18562215911404087
0.11952934671259728
0.004382850415211042
0.514339978323377
1.002136707437577
0.5953873091880529
0.35436973571327796
-0.06461318385014679
0.19357226256781893
0.25627258543281933
0.29397736121241547
-0.41832474949972676
1.1733843311760337
0.7773532740450786
0.36521089017000774
0.019458378921858
0.003966691409000481
-0.17412444906383356
-0.48514335188815205
-0.7915729758597277
0.8101231492963008
0.4605924912642272
0.28405620016405025
-0.269919398683256
-0.4693866561047799
-0.6508702574393646
-0.5602217198116208
-0.36706098131608983
0.4021893078596581
0.2043643559114639
0.18859570220938796
-0.04542705802328374
0.040767760558128814
-0.22356264439922102
-0.1627223389432364
-0.06654356552457295
-0.40740578343441275
-0.19709255804711556
0.0746486819027856
0.29605345192787236
0.0226073773716878
-0.007957527005514711
-0.16301912743875405
-0.2469043585294139
-0.35302712135005937
-0.009253408470761433
-0.03820432468202754
0.14881773250641123
0.21155793524120428
0.10646481177869793
-0.15494974611959114
-0.03432507741399048
-0.5373127778244821
-0.057713932776008545
-0.09220472502790736
0.151401314344373
0.5114804509697944
0.09729688647951881
0.07432337359319499
-0.02679746867690728
-0.22027871457191933
0.17470982544559752
0.22052361512516105
0.24047236795560387
-0.16542744132813958
0.38955207471803954
0.11537693746243971
-0.18200094635914282
-0.3888720703584346
-0.42636913574434426
-0.16516180433655886
0.29452008846019007
0.4155204665244949
0.26789193689713464
0.27822439823620776
0.8035935558859458
-0.38109217917782456
0.2049973002708801
0.4018246438998544
0.5249180083577565
1.182005672317064
1.1044699867557242
0.9172721709428988
0.7098769291172906
0.1537718620208451
0.04289795147483093
0.48846678076935496
0.1584149839604942
0.5645589038764094
0.7547277532072356
0.8662973533826381
1.0836169209738364
0.19818778789407407
-0.025388595135860816
0.21169477541019371
0.4194083300670466
0.4104667527584653
0.4365389911551007
0.881981424826467
0.4390801908341856
0.07440372938810179
0.039395257513830266
0.04320204800919984
0.523082091582737
0.29514463578704203
0.3794063285274976
0.6301438359617949
0.5786670041406218
-0.39705875557439796
-0.14221318750658618
0.10476377277427733
0.26032705967830266
0.08102836866779742
-0.17441633773916498
0.1433428376831997
0.19709580260491372
0.18151891944393192
0.2723054087750767
0.013012383798563886
-0.3014684646450431
-0.33623517247869494
-1.0917946279791466
-0.5303639123831345
0.18049875520159245
0.021633453199030112
0.09504430657075118
0.11153029072102721
-0.10031791344168653
-0.2952702336799962
-0.5694810690753523
-0.6381392985331449
-0.286346528100851
-0.05530586655627571
0.38110149730575077
0.36188652482148265
0.5961237173241613
0.15148153571182602
0.12546845500601753
-0.4474916893575508
-0.46333583409880896
0.6711942999457398
0.5622850109288103
0.41198201651554556
0.19199368107003906
0.2797325910130184
0.08846515783308401
-0.0967652952623851
-0.5722625627404191
0.1694103729715553
0.5036189615396903
0.07308401410043605
0.4083373042075013
0.28050701257342975
0.07600290265332005
-0.6129939265415905
-0.9977782895505046
-0.33644051426601385
0.2934371084727145
0.4114139274211712
0.05323056694047048
0.2630449449766059
0.16203111128384046
-0.37832365914853083
-0.904639436478934
-0.10935509120823474
-0.08920821552354835
0.11195908846718242
0.27056726686191124
-0.13031218972968653
-0.1336480014548837
-0.38533531628017526
-0.5567928375841998
-0.9359095368413545
-0.22770935867993683
-0.5453867095410749
-0.09163688101167816
0.2107744681494359
-0.2882430501939976
-0.7348980142775186
-0.528809750781077
-0.2815846168722402
-0.8976366947831979
-0.4624588341497305
0.08300872816670593
-0.02830562942077697
-0.5361458693541856
-0.48153139226860464
-0.5875050612403057
-0.5606249065121838
-0.28087520082748424
-0.6819009320814501
-0.25828771838951015
-0.36239668590418755
-0.08280226825781101
-0.18021702477030252
-0.6532233456048997
-1.0761822793256863
-1.0384315251582876
-0.4536973360954066
-0.6856949808091856
-0.4986432443017295
-0.5995884978413406
-0.3626592529604924
-0.5004187400286375
-0.37958112793046844
-0.11680436644224543
0.2705054098624889
0.30925150060415646
0.538692725228099
0.3306145842959893
0.26970133285030834
0.31829873397292463
0.2385285348997814
0.4079124690557877
0.4404276068289689
0.3307269894723369
0.21072574921933362
0.09559911274154562
0.2014465279660576
0.5722436133348464
-0.015712262115059324
0.2939389519891347
0.41958385104516505
0.32068854641148986
0.3083003689480239
0.23657609258653856
0.16700730074305287
0.09480699232720523
0.5017019408837825
0.25349885015840057
0.4708370127368419
0.6134252717583156
0.16330094873085654
0.1718530091317234
0.14503231739758746
0.049131191091093644
0.2522059115340603
0.4079311115134001
0.4320874361652578
0.3697350637212619
0.5761636923719389
0.5512664222374579
0.032503877619189575
0.07835383606770231
-0.1768044228664377
0.19210994931701658
0.40201808252147225
0.20514307544026203
0.34351261820624385
0.44723994511937976
0.4722079522073289
0.18761764659880448
-0.04192825580085445
0.1663442789545431
-0.17102410888315614
-0.02262606677392448
0.08675447438017145
0.25208435052938183
0.498984781121275
0.3404252112157138
-0.914426305795443
-0.23334631530957534
-0.36310842847335184
0.01168152221715067
-0.08683435052860972
-0.036855242371267895
0.20397288076616338
0.10630411813012679
-0.46882341631136143
-0.8313794310026728
0.27922503817091243
-0.5923993247272484
0.06655711235165601
0.3942406290730494
0.3285133966682781
0.3341444513762771
-0.2566787578433723
-0.6615024816422072
-0.2676538046922045
0.22961542604161622
0.12028974649444721
0.4464673421009041
0.38479111671774596
0.5254966093564097
0.19062870037536625
-0.30694461546539814
-0.30250568707321646
-0.43359954141169077
0.13166071854515
-0.04847222428391714
0.39534342654640303
0.42879132186888796
0.11052258957540496
0.0006373374564691715
-0.32317129687380053
0.037547064549062106
-0.3021115849072499
0.16262754981636005
0.22295285860404346
0.38290422667360535
0.046041928798454375
0.06057749963938097
0.02868405691989784
0.11202148503665331
0.033556467837607094
-0.08981577044923021
-0.1799713658558154
0.24100184507744155
0.07051914115541033
-0.013968045070896775
-0.03000660247029965
0.08030453397565743
0.09554789098433454
-0.21285734514575685
0.21261275603499688
0.24970067535022156
-0.07715836200548341
0.24205899757836769
-0.006311689383774217
0.18249790422807097
0.09412162495136481
-0.2823052702721958
-0.1976517672472114
-0.026583258267796814
0.005566607251880153
0.03592433152423248
0.13392277714289227
0.5191107009219651
0.25375317674758224
-0.21741108799903422
-0.09779717719089208
-0.03492525147311682
0.02589057520814289
0.2386474043890243
-0.19892680800349646
0.00027365442901973957
-0.2107175500595157
-0.6105075584870165
-0.337039846900462
0.37801803838563497
-0.09254499283419053
-0.12492278615689825
0.10548847084168712
-0.11084379800193732
-0.37130981645586797
0.10232918584986196
-0.6284402360908584
-0.38062472857185475
-0.09413914976184452
0.16495414027093064
-0.5079936542902457
0.01688901644889256
-0.6223386061847961
-0.2918543479477287
-0.23737547273404158
-0.051403074013876573
0.23804376698512525
-0.6022168532497795
-0.3823919042684241
-0.5012695703854164
-0.4640051913734257
-0.12203518060526208
-0.550219767290018
0.050997343176143996
0.30939607580134176
-0.1925287037122024
-0.4056540119127254
-0.7131238312717033
-0.717259656510437
-0.7626226769063402
-0.7293913672390644
-0.35240293420544333
-0.31639763592315434
-0.17889789097132125
-0.16242039906958797
-0.46523251736702087
-0.35184595382084083
-0.46269451686700397
-0.43835961464048834
-0.7057410465013527
-0.2097539704097503
-0.05158053225857215
-0.08306415153063547
-0.009882166090551425
-0.514449882763669
-0.5439100888231373
-0.2502786710528702
-0.4692221638859461
0.47975280882170873
-0.04310300535271574
0.07804731850109374
-0.018315745427002924
0.13100967006434444
-0.15796578146142373
0.23559453919585252
-0.0810159081234934
-0.11661536865705709
0.09677211063755141
0.11855931151884962
0.3542969783480416
-0.009896325301272988
-0.16265048711601185
0.519899138432504
0.0883583958525718
-0.1703791704119548
0.25133070121148515
0.5220618269506601
0.050635222226360986
0.16036265448211212
-0.16260294426517852
0.1755755102050841
0.24174220176602879
-0.2235247795000731
0.3256629045043365
0.551723258681835
0.11171456622543048
0.2927134383554873
0.3057639338350023
0.6472727686709584
0.449797510403765
0.09200406772905965
0.7087903347748684
0.4914045362851355
0.42063868259285575
0.317284958295071
0.20683627094211532
0.5098714815831149
0.6874398072658462
0.053065206057252734
0.5046111052541005
0.5273577504793467
0.24247313177581759
0.15876464251403827
0.054603464159218844
0.6487525526634024
0.6827266588394172
0.7125122301737681
0.5803332761527126
0.5965004440586411
0.3674406032238712
-0.3652949966436943
0.2411486933053247
0.5238836476490843
0.694137599720393
0.5622005281509551
0.23255439594628616
0.4264267969398686
0.19718224519690272
-0.841656827002913
0.3125190362093687
0.6450224625887702
0.5814445258536526
0.2843775095734978
0.8156871058522087
0.5172679039160344
-0.9364040500886435
-1.6149394687265497
1.1654295935936951
0.7355199020474987
0.8130552717297201
0.47929355040207056
1.0548188771527525
1.1262399818274123
0.477070974848784
0.4138125102123825
0.6278165284107738
0.5005837508118787
0.34207344693505376
0.18545286550652013
-0.08181623015639748
0.23242851515111584
0.2017633907056619
0.41503190585260286
0.160307934171011
0.17551807637946057
-0.20091370780516046
-0.2257589527705148
-0.17476252808421136
-0.4742366444222973
-0.39130162806119395
0.14545034216027564
-0.11102292008162848
-0.3079405771802239
-0.30541114266178987
-0.6385334591778233
-0.8163671435798908
-1.0452610479640583
-1.0713609436255738
-0.9459216113502161
-1.0203742627729961
-0.8314120565675966
-0.38739112140949994
-0.5503386707307245
-1.0889281320143707
-0.9077715823354237
-0.5086177959103462
-0.5648410972927564
-0.3883432568875789
-0.2309730271114363
0.16822469239033525
-1.6609651043216456
-1.4137317121653423
-0.21180975045165673
0.22987055903560263
-0.036438134622772386
-0.4983796343774914
-0.34349139575414867
-0.4566323042338505
-0.3052553669807406
-0.09842990675696524
-0.1250415151187779
-0.25285590342384284
-0.1165954826546048
-0.13220360315294677
-1.0054277162408773
-0.9502355425407342
0.01241448986668089
0.11853016428295772
-0.22403779460362291
0.024540448307987094
0.1374094454663613
-0.23973599055166217
-0.3405880063724707
-0.8428298029350637
-0.34961850399931854
-0.5955608768780761
0.060193201608857064
0.15619896216347715
0.007059514556739071
-0.2895195004622117
-0.22268668519025359
0.1508908146391727
-0.489311291278031
-0.2073279625320306
-0.11896039195797337
-0.09470603117867865
0.346682862829383
0.20226247349365886
-0.17069136987579772
-0.2515822965151406
0.08507879412358592
0.10271316042400615
0.25438527386618404
0.37614955589197185
0.24008061016190846
-0.05012128704866207
-0.4527561819575506
-0.2470501689300212
0.060251155473382355
0.4017444867179112
0.11696569826294337
0.3435977721925216
0.31633405937801057
0.09724647349552246
-0.14298225009628043
-0.007715323495189515
0.2390021391636235
0.2326844542916776
0.3696003899942364
0.7273787260998389
0.45044102932884006
0.18464168927521787
0.605140528941343
-0.047047883412271355
0.054789007667639444
0.35100787435222736
0.3883907802357428
0.3813125814722182
0.460277899540419
0.34598777897545735
-0.08877542100978554
0.23271747427272796
-0.006800161972163702
-0.03400514157325628
0.11206069098410379
0.3888626393961643
0.5893761750827569
0.53498570973805
0.21075150080878555
0.49653813493688514
0.4626253587569441
-0.028826374637149512
0.25648036241623395
0.09137159836345854
0.6677974269831736
0.11089115810084833
0.30818786575062734
0.6041022240487641
0.027529479552007966
-0.0770073159984986
0.14858813008558058
0.2129147298091444
-0.1894597084327468
-0.12028244846769386
-0.1305283827909919
0.17669618193278416
-0.08992639360395534
-0.30600650622679443
-0.20141794859267356
-0.5045874014605379
-0.3080069099295918
-0.30133600214552947
-0.412868372803081
-0.14312384375997642
-0.5333732467760512
-0.6134190865661395
-0.48335429360253857
-0.5639567865636332
-0.3561270881613101
-0.6691282324601173
-0.5227120989633063
-0.24920553444165217
-0.28216780772244865
-0.2700661547187973
-0.29679871175207684
-0.17724715147557346
-0.4713583304191091
-0.022179830708442278
0.32780383123735
-0.08639049521736311
-0.303025731289037
-0.23257915139886004
-0.27880024357462396
0.18022194521388454
0.04082047716468878
0.24776982788275428
-0.14578025215741688
-0.48600259094593506
-0.2515326176941127
-0.2278544759089148
-0.23552814309262035
-0.07988356610655074
0.07984669276836016
-0.18373564145644997
-0.17876447183239688
-0.0555951184013652
-0.5502772237909642
-0.5005585995442583
-0.26304554325873575
0.2910185045102602
0.12151187782962583
0.07856264301333614
-0.16803543137196608
0.0935873581375415
-0.6358787476777411
-0.48590802346114703
-0.5211076098992363
-0.19349369094676247
0.12489789303384449
0.09752156277538204
0.0546806124195555
-0.02377585540910682
-0.4869008628228625
-0.5234734576119577
-0.7583413716144939
-0.15861612875352335
0.10133725314588315
0.14504929719919787
0.23477469116336033
0.042673807712132854
-0.5798865104544483
-0.5361206091390581
-0.5986659305146966
-0.04504357939819803
0.024012728141370135
0.05886018469962176
0.27208554941519714
0.3033568566924352
-0.043874155736737856
-0.11917482933202535
-0.2956500260402954
-0.3245773798052544
-0.08043135445612183
0.0755320628498453
-0.01863766111347281
0.2848085466489429
0.3877936198217623
-0.07769761439146851
-0.23812935293099344
-0.27576728584765614
-0.04481778415921157
0.288272937389985
0.24889119433011658
0.586323943802629
-0.027058856503701975
0.13194194346543492
0.25293044202205284
-0.3707320776618257
0.07906157720714058
0.3415423143551397
0.42842676231506255
0.3489479049580892
0.2429829244578782
0.14673641517258817
0.10503867098298024
-0.02222772634173265
-0.14727403694359026
-0.0621143128012665
0.24569492054799696
0.3281535066095188
0.12259121567009662
0.214719306390646
0.4649813801124163
0.7681786373588374
0.8627941457249348
0.32447156145470646
0.5314607754005981
0.34598995021466794
0.05477028286987883
0.0583610725162683
0.7187846754983771
0.9974242996420731
0.9101242784577213
0.5450894831646138
0.3792542559166391
-0.03294516600815633
0.1458348622098117
0.16262566792296887
0.06716061867757475
-0.13588202817502423
-0.5258830932635435
-0.7802630324697832
-0.6116590041512406
-1.068171707983484
-0.252564607071128
-0.1432047673174954
-0.2514947184059573
-0.2639571618356258
-0.14451121847049408
-0.8168517592869328
-0.5508268511674994
-0.42142694727761043
0.39843897859466093
-0.24002256429497618
-0.2743144672234388
-0.21356094727341252
-0.7220700391965593
-0.46691110625597304
-0.07940525549435466
-0.4367650933387548
0.05327240473907651
-0.1608053291502773
-0.11173200196225162
-0.49330671159843825
-0.21134953318745953
0.037394166882648384
-0.345004122574334
-0.7403392299601721
0.43671234482386845
-0.11803098783357728
-0.6141621664212491
-0.24302551861733782
0.03624529806036798
-0.1719906053386784
-0.3691165214213821
-0.9427576753967472
-0.00036849873408987703
0.037868519032656485
-0.06597192834615001
-0.1379635049392829
-0.3618119283747683
-0.06621402597409826
-0.1716682419706241
-0.18369900143761872
0.050822425324598255
0.12825766683274997
0.3587584176662981
0.138002008751785
0.014400411921969123
0.07695432244139137
0.05604738634466592
-0.26144379947780455
0.2028636079775074
0.31203048149309964
0.29172283786151854
0.13187743147762118
-0.3159985840049788
-0.18063647617140674
0.036352281608964684
-0.22281989208316444
-0.046621852133288906
0.39094727728412554
0.7364577669612293
0.09892213568375859
0.13705495136104928
-0.03609621083874234
-0.10145113984666666
-0.7446416738537378
0.13281037338442328
0.6592141675108533
0.531816798925932
0.29837900576906895
0.110722205841827
-0.04084692950651271
-0.11198430449732259
-0.809918622974018
0.3303863886210006
0.36503452372783796
0.40419794766513095
0.3891888097919306
0.14921309500074856
0.30197833653361184
-0.14988954960214715
-0.5267369968600869
-0.21111466746228444
0.6531655749407814
0.5661251163528963
0.379056790977536
0.4594471580980841
0.12224358711971772
-0.05266297920961464
-0.390290448212279
0.7363518576661717
0.15711794389683534
0.38281565457504585
0.3808492463230096
0.11916070616069795
0.06468540452824767
0.15142848949332588
0.1717207640171093
0.2518660219801095
0.6213849671120253
0.2130070808427377
0.1631355034469457
0.544810708816058
0.38057244298003856
-0.009537339814512415
0.2618771846282314
1.195994328176692
0.06579371705575301
0.10949292810426796
0.4619767953894375
0.20587741672064655
0.18304031914814153
0.4288806519034511
0.4083160158641581
0.46284223477662884
0.8974435922152036
0.25843437911850164
-0.36430109548286094
-0.5431066978762393
0.25947122090502167
-0.10332739764467086
0.2834226116355066
0.9925715028400208
0.2851752768679605
0.6680024344405078
-0.11705806856575272
-0.10188701685008049
0.00892348976478937
-0.5594544538743284
-0.11483319036595288
0.14673722322304875
0.052401379908600894
-0.11796805388200816
0.2400972690940253
0.25392527484106125
0.10217445116353369
0.1872857646009086
-0.187226803801558
0.18690925412659457
-0.06861317035267278
0.3515836998571181
0.16533443656982655
0.30617188005716217
-0.15886337555047522
-0.15104254409812773
-0.316528975743233
-0.022864312544264884
-0.06843688432580879
0.06709231010974002
0.5246565323353156
0.21262429211124353
-0.1541087847337091
-0.1445634894579188
-0.4906145110276148
0.03191617008554755
-0.06070544939568512
0.0005251528072963199
0.09204044502923708
0.031519675584549746
-0.22773913778582563
0.08708682194699162
-1.1092317639279219
0.1464023866511259
-0.05291257342623544
-0.005884468238393251
0.4822728269155952
0.3481434575260741
-0.1442330868525422
-0.1275336250770438
-1.414621784778712
-0.8293602828332657
-0.25246563526193283
-0.030516226171075477
0.027190484733352564
0.2751493260169323
-0.12868670848717412
-0.8678755143508977
-1.1470268265248134
-0.16516654324487537
0.04331648896436696
-0.3271306338522271
0.0720472880308372
0.27952772345503735
-0.8541980251594476
-0.9540384725878693
-0.6049369762433346
-0.09507352941938996
-0.16923220972268746
-0.1933224584233822
0.29079394979041867
0.043578760921285396
-0.7665725033755276
-0.7708614327427934
-0.7828553395276288
-0.09020473181378805
-0.3620631503419213
-0.2650540963328362
0.03278217168734953
0.02077231977237628
-0.23132788577511637
-0.9741661996330792
0.01382083118452994
-0.25008963108545246
-0.7172148451364231
-0.4044132209441303
0.19172993704924002
0.1529854139989939
-0.5046544822430453
-0.5690093679736655
-0.09570563584106638
0.44551708980277677
0.17357841526870868
0.20793347261342568
0.30891444480562114
-0.06177686151709852
-0.2282423889644884
-0.6364845118135459
-0.1199530552523682
0.47222827285435565
0.2366564408683894
0.2735250194707275
0.5031831490813401
0.3979297024613788
0.07670680003493553
0.016398665535763114
-0.748116485613062
0.21550376372070443
0.06427148805501494
-0.23095523293562578
0.2780535621829381
0.31869632634636014
-0.2177452631854361
-0.16915607214179793
-0.24325975962619636
0.47924652180259547
-0.1411639032548523
0.5322304489774227
0.1623628581487892
0.18442278115999974
0.43757757299175637
-0.08599254686491321
-0.08024549090662131
0.22484541461334706
0.5684878554750343
0.18640272251691087
0.026492668207425536
0.6934768129930339
0.3410736017581133
0.4722635756530613
-0.007262772415658324
-0.2031065346455302
-0.2449742385278146
-0.10739876191099626
-0.13297686848862486
-0.3609243995869105
-0.28187252059866125
-0.324262651183816
-0.20250604066243497
-0.09036804929890473
-0.2661264179391787
-0.27518516435305385
-0.15032040646140277
-0.3478831330650061
-0.512460409250011
-0.3615882238287227
-0.219700365942718
-0.22171134860276773
0.3177163928727336
0.046677176257372784
-0.23204753622907967
-0.23490483483099628
-0.33716004287199214
-0.22241582483772215
0.1329255508370923
0.12404176515876537
-0.11679380222890579
0.044243035633801435
-0.2292605266907624
-0.18313712228368859
-0.15765888359599944
0.35720498429003456
0.1735544967603867
0.26814382383898444
0.37241639905659274
0.23270322988064351
-0.1973224226933314
-0.05095408517321604
0.09025794430514286
0.18682637491148307
0.09248835059008755
0.26342968969832914
0.3822318613053602
0.2487029507812921
-0.0025009460107858965
0.3098532258029921
0.08623159086437324
0.6778331614889687
0.11866363707668376
0.7338179652368286
0.3586889592338022
0.3824330974063167
0.14420298977124207
0.20520082184651287
0.6000610761774795
0.4630284947898204
0.5259514560078642
0.19836525404968372
0.257398134104125
0.7876925942749913
0.39098243719883763
0.5225299978547705
0.5612922945134877
0.7952700801044473
0.7535219692782511
0.08996836028408675
0.2556630708310792
-0.15628500944110985
0.637754864069277
0.6104459125891613
0.17903503768445095
0.42903318335121365
0.4184625253616143
0.4039214556717772
-0.20119959334332876
-0.715135265408145
-0.08392425986941059
0.23222140114790055
-0.5375407721034813
-0.5809379223494452
0.3031617034779573
0.29288578669194815
-0.5344010431360855
-0.9120043287736428
-0.20699943073381552
-0.24791807977826613
-0.7065339606767274
-0.31977769313802973
0.0885135547307254
0.4507162145799028
-0.6772340938308177
-1.0874730743392198
-0.38439646188533794
-0.4651819288973052
-0.5985196402024807
-0.6645288087798749
0.1462790099168812
0.006163695683937683
-0.30376306648296136
-1.003726994764426
-0.7386875293356481
-0.5079126400860113
-0.23318791426153404
-0.37150890674133596
-0.048134543274877435
0.031476890274318714
-0.307486507356806
-0.816127996942802
-0.5314950315817558
-0.33222608807501747
-0.16669304670692514
-0.28339532056731065
0.07147920117926122
-0.04475423697458949
-0.34675607156036997
-0.4389722395634285
-0.4506516813425445
-0.07162732778149392
-0.34488922413567785
-0.19129648009280112
-0.40211535840193996
-0.013696776049548148
-0.25793262025093433
-0.271477864716164
-0.3019145941776082
-0.3216447078852583
-0.028619642571921726
-0.2127226022968847
-0.22263971911411834
0.20922323746769653
-0.1822198152580321
-0.1195377362549892
-0.10471534314657228
-0.1762362595205503
0.13859755516888547
-0.8499735377463588
-0.43623172041693864
-0.15614418926004944
0.25860760362189555
-0.005573868526860447
-0.14247391903539114
0.07592846438868246
-0.049120632438560456
-0.2006471706147193
0.18035934958138997
0.3989767561137262
-0.32233560848696363
0.24301749970789144
-0.04343815675440646
0.23594101220553373
-0.08595111002452024
-0.4005421145749569
-0.07076733486935646
-0.0796737724711107
0.33544944659826287
0.026881741366810433
0.05637124388524778
0.11220225286842181
0.033249347170652775
-0.2758633610011654
0.4068767381197106
0.10800880606703375
0.09006692755928097
0.03547943653754033
0.10543202005758366
0.1864154916469515
0.0622132733454191
-0.007464826732063857
0.37678029824221754
0.5069718229650344
0.18843658752572004
-0.006441796484977712
0.01482974673734525
-0.011942745226839547
0.32718425271877993
0.07689503870846837
0.31638373738730063
0.5485751928674111
0.20471045293066187
0.22787210085374163
-0.18434560352016768
-0.04971914118680851
0.0706746732316386
0.1915450567989335
0.5540107727619777
0.4609188165231418
0.6396445762040393
0.20906495625145294
-0.011421365686519839
-0.7144417612051556
-0.08682039437168429
0.6715413738872356
0.8773448180261118
0.2947551540018316
0.7847294565284723
0.40862280414594054
-0.09330034237559395
-0.6481018677453153
-0.147784627704223
0.6610334916605103
0.2645135281419002
0.38155729969683366
0.3303038997538382
0.16367050442903194
-0.08562176500221291
-0.9811520039465963
0.21544440832218256
0.35669456183884607
0.6120720647658451
0.2927723478132805
0.24003130915288026
0.0015627614737385447
-0.5469870609847525
-0.9654689077029834
-0.04840194470238549
0.1467798656369171
0.8100550901617702
0.3795390310930268
-0.21103248044066883
-0.27894864098643163
-1.0454629242074673
-1.1571651213009444
0.05401962545637393
-0.05009429532566271
0.5501989894061263
0.20683228344261248
-0.29911258298313737
-0.051607506934976476
-1.2432774088146759
-0.6929820909385651
-0.3504042109306092
0.1803982302530603
0.2995523787973556
0.3439899836956804
-0.205506701606785
-0.28669614071898636
-2.0105239815179963
-0.44499496085651363
-0.1463241783733795
-0.09963056968297022
0.4932759843838753
-0.10857259053305349
0.18958565733410815
-0.593986312188534
-2.028903889887659
-1.1917362746821591
-0.15183168496787824
0.15935037382230582
0.03381411843917815
0.3883923507640952
0.18471346474261335
-0.6798038024032236
-1.6138756098114444
-1.0921107927833706
-0.6302744274457818
0.14085447681028304
0.22947233315340307
0.11255571109443524
0.01901012421827587
-0.3526748949731153
0.28563367372274945
0.17696998029623134
-0.024365154335615136
-0.13005606873501555
-0.24477767997076275
-0.6100393802576495
0.09889466703179078
0.2804157670008781
0.14929821020160144
0.1836119309101716
-0.20489756478287022
0.08353762748575486
-0.44650338171745263
0.03319960999657452
-0.11871387185706142
0.08113352064529655
0.4093366447570503
0.17187298768538747
0.12484772240156121
-0.22820879488213658
-0.15130388521249488
-0.013258782361946206
0.3919960764422704
0.0844188753881771
0.44427881566634647
0.2957562952937662
0.018491382826837204
0.08347381875395754
-0.31225277840405724
-0.053146168098723016
0.13512873705162562
0.4605685153839838
0.23945043518859563
0.32580026087631686
0.20934457668946677
0.015348096499748894
0.1544205623333524
-0.14030320090687362
-0.0732763245896706
0.13230489135537346
0.38194755596767865
0.37490217795787645
0.40049608499942185
0.11791598394271183
0.4831093146275667
-0.15145005205779868
0.11151178478251543
0.04504302728695745
-0.004564839478718253
-0.07333995438739227
0.02232214085455281
0.33213397540265377
0.7525134963735829
0.5605563363522439
-0.13595675451074463
-0.42358257063383653
-0.643311053912047
-0.822006826980709
0.08503666407162636
0.37614786778459147
1.0057269429858309
0.6535231004155507
0.008895688567614883
-0.350124055397698
-1.248329259833517
-0.7406992622776817
-0.809727975525438
0.03870598107459009
1.4461428555244655
0.6520373897269817
-0.029433747647423215
-0.3487869794949054
-0.5012344192820638
-0.6019253496508357
-0.0217697743517214
0.09788600629394205
0.3571055498950199
0.2654872559133101
0.2532234679855593
0.031103810053789382
0.12461513268961764
0.023044855414151282
-0.06555215901081844
-0.006024184512222356
0.02351674344983229
0.04126483144233803
-0.12372128658567963
0.12271411739199277
0.1672964856910091
-0.06156891922931284
0.18150826220952046
0.034304742419029574
-0.28739233474685155
0.14547431998037882
-0.1428593301970792
0.118507483755277
0.3943574880236334
0.00827266884675836
0.11080051982617364
0.06114183131316383
-0.3668110314983391
-0.3471039502945931
0.13527110717194354
0.10428091965711432
0.2940972017722738
0.4373039748253589
0.06588011761554015
-0.0560121905812267
-0.41659946292845
0.052819414926555314
0.1682863303314213
0.45301695845331436
0.23974122151030186
0.12168291722974299
0.37224338900109377
0.03048373980721326
-0.30623606857984903
0.02837649200341383
0.597278151960128
0.24887598600514294
0.39235902463254213
0.6915388357593923
0.07265802314991664
0.07832630530428568
-0.4457186739073979
0.12758595229232392
0.4415278106689768
0.9182541532781807
1.1379552777777702
1.1142520768869042
1.2589478896233701
0.4893104366998347
-0.0843738590448309
0.2601431293415472
0.43735602375087823
0.6930564488998062
0.6030198704497911
0.6286293748569606
0.5110059920822961
0.5252928257460722
0.2932215005408718
0.6506157329505259
0.31316897156336304
0.48807412923937893
0.6756939277175291
0.36821034946755293
0.798669260799451
0.6042295961457094
0.3019943520702496
0.5218820081255936
0.8109652273721544
0.43414289223357194
0.7464550543235138
0.404261016333275
0.33403208193819117
0.4033848182887502
0.653477825845744
0.14656273361756902
0.05547154101440849
0.4552357165309813
0.20206778695804722
-0.019083307838221604
0.5435363443367418
0.471599623972666
0.49579588331705454
0.09571005706160374
0.3657141403429601
0.08921599994542474
0.11711455518563535
0.1727664967130822
0.3165089655630612
0.6013990439644626
0.7386935120275151
-0.13250771117384852
0.08409366067632017
0.43594382259648445
0.26291018066275945
-0.14627308515040388
0.3005328427298377
0.3351056012964134
0.6660746287092183
-0.15740547434656108
0.17580715534679833
0.47339593432345267
0.11987228018532747
0.08994324135325488
0.0579366067123508
0.17774417828765385
0.057246221083493
0.17084182776170517
0.19772083289985493
0.13062949683300307
0.09421467173219729
-0.0255580429737458
-0.3039437616500543
-0.23618586723519397
-0.10732095537420054
-0.2823624037254135
0.21510213883252713
-0.07478485562366963
-0.011992139031858196
-0.09876718220234768
-0.4081893945456488
-0.7347282968213613
-0.7882287851253963
-0.0842731338885664
-0.020274208413470576
0.03994035097262929
-0.039875635279529566
-0.25164268379787613
-0.494551959639187
-1.0351598457805524
-0.9394962420404704
-0.3453620126056251
-0.1338127439377388
-0.16660871076607764
-0.4145928232913528
-0.43724056056581173
-0.6001626755693843
-0.7757200340829943
-0.8608213307124103
-0.23348629595629428
-0.257268590280622
-0.5046717030851318
-0.23250188044070402
-0.19257744312917235
-0.5659452696285976
-0.40991594968099815
-0.9070330058760817
-0.5571562244645168
-0.5108508754785737
-0.2538892441391467
-0.2639468783389614
-0.2933780681613082
-0.995598674118374
-0.3810834691895588
-0.5562008598205004
-0.11464941507597777
-0.5869725543403871
-0.31285242522484635
-0.29712675411717165
-0.6275032825906426
-0.11634643869760224
-0.7687443658318264
-0.26615764882212417
-0.3842983332799782
-0.5617456559355528
-0.5337391601262064
-0.5494545231050662
-0.4695208646596099
-0.5364169274905257
-1.2001939913181259
-0.5036885840942122
-0.06420079964864758
-0.10067655834165064
0.6333336587165589
0.3861746459860249
0.3030114862317964
0.36151378378988147
0.3789421030889419
0.1377347369799646
0.06439829156072034
0.2021086587590296
0.5479265380436955
0.3400813732856012
0.611028895638631
0.2585627532969643
0.6212061872535889
0.30032045068542873
0.22446302937666698
0.48586546626261784
0.4294415529478845
0.5463403995348546
0.41088781061940216
0.15694284334821412
0.5472067412167494
0.0038727833694089117
0.5021734211291006
0.4012030864913453
0.38318656979384674
0.3876165176062598
0.29721072816138366
0.3680259115943401
0.07006446837781848
-0.059687912264474334
-0.004246454652760094
0.6378242524242408
0.51253188875777
0.11528216229345008
0.5335912771649872
0.05141467321209505
-0.02766051410075503
-0.6022325750866204
0.2233588654703805
0.28302934113635336
-0.06029642037598908
0.6294483323196647
0.18136587826109873
0.16803858797832924
-0.14881767578620672
-0.22803201388748437
0.06918384596314262
0.06885342948505807
-0.014075824778300267
0.22136391553938273
0.10951048857185516
0.019050375578832383
-0.13637116096752927
0.049640879013695294
-0.5521726120679112
-0.32507207043159375
-0.019715641323022445
-0.11960540366213507
0.3345325933146525
-0.39437897000645966
-0.093865350218058
0.3604627911368696
-0.5191465793833739
-0.04510901820326126
-0.2281949640678908
-0.1309285693996589
-0.3611578499557237
0.1325152209250791
0.13542845372754503
0.2058883271611357
-0.543404685929118
-0.38864989001469
-0.17596675143866758
0.18003360155585044
-0.0862570684767699
0.16118625290006844
0.2505938426101229
0.0053108667945396554
-0.13949987541674064
-0.3901328144642761
-0.48548452137691384
-0.09657417969326526
0.10486508826310265
0.11394863139974644
0.17967713021479514
-0.3468467118102248
-0.19772777213828177
-0.12522892100506555
-0.042715647328698675
-0.234529108824444
-0.1089249049131229
0.02237968704941637
0.155607146609301
-0.23214428312845756
0.037650273453850414
-0.36449420312680253
-0.10934909922238417
-0.13212548663487905
-0.016698240741327763
-0.14186918562130899
-0.7875863116197577
0.37514528935646774
-0.36261160542934817
-0.2276757382387642
-0.21726063477143687
-0.08265693516530277
-0.37509658387463546
-0.031998694882619916
-0.06475840565208513
0.16550689156084325
-0.24288580600314522
-0.1853869135927522
-0.15823916358476384
-0.056290340258173144
0.08548976329147771
-0.5777161721030117
-0.24858879546304932
0.18768155127982505
-0.16259127169708854
-0.136775997869657
-0.20448571443685198
-0.14387443628558463
-0.24293659286892036
-0.2865901913029343
-0.191064568148772
0.020904061480493525
0.6139644138685589
0.0946807132008644
0.013265062739793314
0.4555738458225416
0.7445270709206185
0.4716680476756391
0.44800425901656465
0.5976735677726709
0.22353931137812655
-0.08517370844931695
-0.29708234946501527
0.05115171140972922
0.41568176292928455
0.35558985706004187
0.20644537746690983
-0.0811104978108715
0.5702785723226144
0.635938482049889
-0.05765187417108357
0.06374392119399
0.3227331584789904
0.22195403153815813
0.23412769243995193
-0.13352406428466898
-0.10893014390863134
0.3410906837303761
0.686058167854675
0.1916911308962123
0.4484489871477257
0.30423567202538926
-0.08992235528117004
-0.011430091662018216
0.39394605137357896
0.0751792947904379
0.14246087241950467
0.37071409237089437
0.4178273781265833
0.3494480894408845
0.08334753292424114
0.3294136524602801
0.43997591779090706
0.4596002285509692
0.14840300684236193
0.005576748340884293
-0.001765893261778758
0.1639118663069728
0.30444387054768735
0.1129923824636351
0.768511618073613
0.4317855848537039
0.26283869271618926
-0.15367390894533148
-0.20080328824928922
-0.4003626752200176
-0.6489371502531797
0.431095637160189
0.7060304922430396
0.830341891587909
0.23647791004624877
0.05350217726816556
-0.558905508110944
-0.3809856138273604
-1.11050139912062
-0.9780084096728132
0.7130633281936869
0.8133717352195289
0.5851229633317302
-0.06533679918879842
0.07984593124429606
-0.7015409194056454
-1.2786750385714796
-1.3718162278577068
0.24526489188470726
0.665149022355807
0.4802319579819548
0.16505743371101955
-0.1602411910833851
-0.3486555884765407
-0.9299699274649842
-1.4802973225472154
0.5669208221504073
0.15006164745696174
0.31687356228741786
0.03961260115346906
0.028009825447416044
-0.15279355540266648
-0.924479170560125
-1.8939628567148648
0.012842674840933632
0.0831115990122135
-0.16999441419241063
-0.0007485132258944282
-0.016546787479978696
-0.7568759011857796
-0.6071121140150068
-1.7739787256687407
-0.1502405247865364
-0.4144952458187825
-0.23871346169743468
-0.11706062617948255
-0.1016175400667687
-0.45746620430898893
-0.868953807199865
-0.9103361303274096
-0.22385915432069714
-0.2737893154106216
-0.17333670674666582
-0.09055151493148718
-0.146568339481764
-0.3002403425768129
-1.058680709695748
-1.0179474584903052
-0.428409070820494
-0.23475901965736296
-0.33372574124884125
-0.3221486581101467
-0.09188333340053978
-0.12857250304878684
-0.46501933285362584
-0.9433856769966823
-0.2292868269012141
-0.45938581286784275
-0.6686456452196783
-0.27872527272445974
-0.6669720868645798
-0.06546257675254696
-0.4200544707715357
-1.0383705137857746
-0.5399803363457123
-0.16086613253720608
-0.01908598709400512
0.3190665754196404
0.46179596877869866
0.3402655373803218
0.26929113604596966
0.3363554134835972
0.0254984861095291
0.13126618037511817
-0.012810678051377561
0.17990675204655832
0.06228373554023117
-0.04984655281173889
0.2001680774930412
0.5385645604061063
-0.4488340726532683
-0.09071772144971779
0.178980142066259
0.2926127383293958
0.10658757602186031
0.11365507568702567
-0.010801717649052347
0.29647656989306104
0.3322917126424816
0.1367650905753336
0.19497658702873424
0.13216385201841088
0.1942444164691059
-0.05862342414460582
0.15142494832660572
0.3595205860284694
0.15454263467412693
0.35241023120496806
0.3947694921185941
0.2963232074291938
0.01140060534444539
-0.1561248647718597
0.16113803598463486
0.32544755736423936
0.1529520982669572
0.5590401204199946
0.3007031977356627
-0.046005699476470506
-0.21794994613109547
-0.2104455199816708
-0.9379772250923013
-1.000604140975792
0.42409536602470377
0.32672906408557584
0.22571789353001623
-0.27161281146599764
-0.16438681950640155
-0.3731737229407563
-0.5868039744958379
-1.8359499258155085
0.10317291164269402
-0.19408813539883343
0.18183438589521744
0.23207232267361091
-0.42900438934326884
-0.045427582368702285
-0.5370453558785179
0.05763214917236684
-1.1111370088504398
-0.5724640048951338
0.08797499520958679
-0.2686496864183385
0.20598480016704665
0.17732779592383155
0.5049281075477022
0.9213191391371798
-1.5195173481392268
-0.7421178554998791
-0.7382344497207294
-0.4179770379201387
-0.20622813525216377
0.22887733261387544
0.7930382351737274
1.0324877821441978
-1.3620276189011165
-0.6828699803533668
-0.6223679687000877
-0.5745994544163013
0.20382513762252585
0.9152829218685212
0.696670965056912
0.9733533412632305
0.4154278009976819
-0.27137446521538455
-0.12887781238193483
0.05067085890850101
0.3980374599838466
0.1718427578927519
0.47669557009965874
1.0750772971415175
0.14608224062433237
0.22657884818882698
0.0631446887855674
0.10699455222094897
0.2376095811678137
0.14748201057098514
0.25146613661395284
0.08012231156724473
0.2628857113450987
0.31483477951059846
0.1331187565756922
0.4174733704680215
-0.3597576762843815
0.2780788107608391
0.0045337558129408375
-0.03800242676513516
-0.15718450651371868
0.34659865813062585
0.14431067250527413
0.09835759844905646
0.253842655280513
-0.3380532992297157
0.09005860352500217
0.13124640094888082
0.9290911436222113
0.06867300493236256
0.35840306152112766
0.3787572336736546
-0.026940372271250932
-0.35106109799112895
-0.34508223806650645
-0.4266177096562344
0.3154834407628476
-0.16104590541452507
-0.3087592695712529
-0.5709179540011534
-0.33566806692034873
0.3296675674414924
-0.020501457601026934
0.8306324335394942
0.19136885580022833
-0.30367833777698383
-0.03847410468515072
0.3221983273326359
0.25993714389349265
-0.0412956899243404
0.10348263897301223
0.0612903039870721
-0.08551646893447758
-0.2797381205486212
0.2710852870240292
0.3596874655192957
0.3365611147360666
0.10404035168767846
0.2999599271836068
-0.14201865830658064
-0.28148710302172636
0.005486191845381904
-0.008611901240330792
0.29116595544571205
0.42901224599364085
0.25563236029919295
0.02279080439946949
-0.3608271749237562
-0.24198855472208042
0.07853031855914878
0.42616728424316863
0.6168265023280849
-0.13771436724946004
0.34605130002811574
0.3587046723296223
-0.26407279134917566
0.0940437798921492
-0.12960118686389438
0.22154565387549366
0.2856653360443638
0.5515249683778183
0.22521567866196926
0.24537115884433372
-0.15197928279588843
-0.21845558663810902
0.23761870887288217
0.09972657348355055
0.2068975948591057
0.08115365305383436
0.16954277066647028
0.485631668548585
0.3254015175430736
0.002536063409414697
-0.2394868339481013
0.15188273521459852
0.19395714671174225
0.2033898737093649
0.2857795618422369
0.0243032489957963
0.2830921777181111
-0.07129303953600664
0.2826296906726899
0.13150039489307802
0.18731416655171845
0.15981110011545072
0.32398763538688724
0.17663773385113518
-0.01540403541063077
-0.40832087419418883
0.03256872804950016
0.4418065727103849
-0.11601371774911302
0.24886262003631132
0.0570077407148221
-0.09379144172694558
-0.47393526251150614
-0.6139863253452249
-0.18205046105770284
-0.26556384130287886
0.04956291085654261
-0.1075256626451154
-0.12024613202705561
-0.18738324559386915
-0.9945710402069955
-0.8090060086716334
-0.4222702370560476
-0.0722687958580425
0.1982259377557514
0.032320274883949764
-0.15630457588027852
-0.24095704325992107
-0.3139195430386477
-0.5889663236407761
-0.28360259685993655
-0.24461063931882826
0.004015795853031045
0.06732954309844182
0.0609244490979554
-0.2123469126348522
0.086383954125639
-0.9322556347841502
-0.5503355264311032
0.06577833691027772
0.21033761931784434
0.31222213935066623
0.14672734776927399
-0.11428533513512923
0.3167547949912475
-0.5179990782384324
-0.22277210672208894
-0.4052273561770202
0.15456256200826382
0.4414875454986484
-0.03147217390255115
0.1512299285128415
0.5438014024058893
-0.1395768990181814
-0.9632522168373626
-0.5509026605587851
0.20062690949693343
-0.2094311857089632
0.41395191290847866
0.5285153880719059
0.6076035980763046
-0.1449076787602572
-0.33919272328441025
-0.637457523405602
-0.9836811708503584
-0.9959284641043864
-0.35781704005840603
0.14322738508823005
-0.21587455142169332
-0.42063504718367906
-0.18093918129606185
-0.6414635921710513
-0.7985020103331886
-0.9466160318936545
-0.34622248028592423
-0.046596320621810836
-0.3813019895049366
-0.14563399072411784
0.056126999946160466
-0.7348471146165576
-0.8272317288926554
-0.7124134278988441
-0.2716382034459096
-0.2103809740712395
0.24423065319119405
-0.25187001907961765
-0.10754693312405067
-0.5746148966157978
-1.0348453349559272
-0.3353561648977349
-0.4318408223462819
-0.1279387026850778
0.19895904737868794
0.12478055064823275
-0.2580894952980898
-0.586708140148546
-0.8778394462118532
-0.33439240218297295
-0.07897764328270324
-0.2743275153894068
0.3285253010446901
0.38678749830944936
-0.44000355918201084
-0.4063236148933192
-0.7305934368734829
-0.5004168147467368
0.02362377297204958
-0.030390690271880353
0.9509563939430145
0.7538374027375432
-0.06418301689026232
-0.9116772394121956
-0.5745914056278767
0.2047669322038189
0.10161403462322212
0.44639788684781917
0.48465970536807196
0.4206733141176722
0.10698985314151942
-0.5764111783779277
-0.4323964610637709
0.21413285716740796
0.34148261283337794
0.39868195864040595
0.27199191450781257
0.9942230392590866
0.3256548291054064
-0.758091570725053
-0.04413397420073378
0.30004671357811924
0.7999735323163322
0.35279483921150434
0.35491385921732904
0.8081743422776236
-0.04735565440971867
-0.02190824834724851
-0.3711875093673807
0.21277315682298029
0.510157150615434
0.8326095309573176
0.34198180963781294
-0.12593554287162242
0.2420822481716351
0.3364797915838404
0.13486587343839676
-0.024999782575189748
0.280179725602439
0.6073256633465433
0.5291088804760188
0.028140349477330337
-0.2475899757745657
0.22179232117701625
-0.15309898221090942
0.3291746572723643
0.23057317664395988
0.5697279139865498
0.2307525455849059
-0.18284264536845657
0.15750996487248714
0.3729076674547692
-0.17342971031183724
0.04959894408986059
0.5926080424827118
0.31934029055689506
0.30391000807172974
0.11176624993674145
0.16954897924276394
-0.12303161659329431
0.4205488071306525
-0.05298159673927296
0.26843499500794216
0.6676337253524031
-0.19000622380405233
-0.5740103672819715
0.13569555109587494
0.03818840553452209
-0.015384331906653559
0.2796642192149437
-0.0842766342009801
0.3186160044424867
-0.19043488994371655
0.1010288099171662
-0.12848271446594942
-0.07103405476530261
0.5738028656400086
0.7161645200500203
0.415204720965691
-0.4622371240021514
-0.08317807013638383
-0.24348632749446852
-0.1341301092273413
-0.636352238421391
-0.6026658785464153
-0.6734505477704825
-0.2001728966288997
0.4538360530405852
0.4073978047779712
0.20907826965272877
-0.2211187627685606
-0.6836347885800942
-0.5084161374522047
-0.954274105706041
-0.013602608463646798
-0.14477915630807556
0.49034931779582025
-0.13569379375179463
0.19291254444735756
-0.195443355746593
-0.9319924309384199
-0.7141305421940124
-0.3222859381272495
0.49767394409668264
0.8778781360868728
-0.20393226066421077
-0.30904281650820375
-0.13767586225784018
-1.0388683884318175
-0.49010301096214604
0.010577404317908181
0.48813702089331
0.5607267765343062
0.31842929455055874
0.08693956763344533
-0.22031487658263327
-1.1387820387352445
-0.4129552647510078
-0.16691981353049304
0.18936967423729065
0.7135541888073967
0.7548345292900324
-0.11354491801868533
-0.3553701893190687
-0.5187396669864004
-0.45946864199315157
0.06692408894929877
0.15997496692228455
0.6464285994942868
0.8045482640519313
0.24616674437010633
-0.3482438695522202
-0.46348241851606026
-0.49845980621938396
-0.2630318233910319
0.46960987850883124
0.3210120404295413
0.45045499509765186
-0.07458541236362964
-0.04466446902236721
-0.39121844403038186
-0.678950500369592
0.17753882052572373
0.18688708479709348
0.16143462667462333
0.05389862540517555
-0.3969534169142653
0.05536426060635738
0.059523139017000945
-0.3175571663017763
-0.26944308786139987
-0.12003771602100195
0.04913598898318799
-0.06347117447893304
0.20325501981457553
-0.09065613750901763
0.27759171563921875
0.0910768937349733
-0.16595487027805925
-0.02894806649701403
-0.3475376315249594
-0.3368411010634911
-0.23184963940077227
0.3037263985257487
0.46852708546113514
0.04851590626569036
0.16831956841729734
0.1294892518962103
-0.24811087493123873
-0.6152380510924411
0.15607077748679132
0.21174761714874882
0.37685598601395764
0.3057195399131158
0.16899133514771575
-0.19162224819743828
-0.21641033582917363
-0.575412658907731
-0.1659499159199839
0.19720266856913937
0.09120278006293485
0.0305124940310061
0.24533824705360488
0.13193174272317523
-0.45242303028586717
0.23193710532513656
-0.2861518072305022
0.0425797517717477
0.34974314802266854
0.037720779790087734
0.1514828506369091
0.3155719907580504
-0.4552851360400894
-0.4021806199951806
-0.2246918002564163
0.08747236251403415
0.15340801114183136
0.34571049629164435
-0.047733353502396735
0.03055283623650513
0.18466875568267493
-0.6750641916480623
-0.2954011419820841
-0.24635994620931032
0.037298451474916235
0.5751772400043166
-0.2669788247411542
-0.10029705386939351
-0.3519874314843346
-0.08762174494696806
-0.12572468628530806
-0.15094901523254606
-0.1976278499145351
-0.1904244105260664
-0.21184350927330797
-0.17763157002739924
-0.24162463613591173
0.05159441049511477
-0.19529814503254858
-0.1763252719619542
-0.17205965418799846
-0.1590771773724217
-0.19737520080502896
-0.19355197097934843
-0.21862229840036332
-0.11834309644544506
-0.3345964406101036
-0.3360330673620453
-0.36906396808933695
-0.3276344597893265
-0.14199727276468213
-0.3432425807982175
-0.1778293650546007
0.02272354272333387
-0.5966268133320856
-0.26676180396472754
-0.3548196669971807
-0.3654884037370494
-0.5933835148324563
-0.39031670315049743
0.206444152325408
-0.04906648939682682
-0.8755848611298067
-0.3185630470066392
-0.32397463793918707
-1.130224263342519
-0.611679661285781
-0.4483746550705809
0.42476765491965396
0.09397533759368412
-0.6837289074887851
-0.6656906003930164
-0.574103334705461
-0.35395025399288077
-0.9261899412340253
-0.3137490196527541
0.970284106388094
0.22907532702776556
-0.9054389508366626
-0.4314410509235169
-0.27833260731136794
-0.17727745610255968
-0.7044039858621728
0.12820704413692754
1.62094885496449
0.5215722265274083
-0.4069455408256109
-0.11445195437974068
0.45453331296915117
0.37290759688371544
-0.4618052989563658
-0.3042506897294828
1.1605373025148622
0.1652643291845393
0.1099961037261046
0.4290225937803368
0.5483789968814775
0.5472134233894604
0.3608793965905007
0.04307847017992495
0.22557443625911422
0.4052313771185162
-0.03138701560263681
0.49559320343425595
0.73397453302795
0.22957102839546603
0.2869884748443487
0.024233943579615398
-0.010179006584809192
-0.35350228617170254
0.12339929872369448
0.48764301891003725
0.45055083981471505
-0.0634641535561984
0.19367944966110529
0.1592624761644146
-0.12200986960185814
-0.11421831322742243
0.2043506341591063
-0.17269845206714404
-0.13914385031385773
-0.23347504866821855
0.16107725300750106
0.34185511269995306
0.0762242270290651
-0.24751292121195356
0.21412638025419656
0.09850517754542534
-0.06278801794690485
-0.014356699449129439
-0.2514775156302126
0.03290081653279079
-0.47685666979335173
-0.14184925580001723
0.27819373429079686
-0.27560853605170316
-0.42575676998357986
-0.3765164289396665
-0.24967538948594745
-0.2820207359096334
-0.5009520950618905
0.14971902494993083
-0.1118590809696099
-0.29772389052447285
-0.2854234452242775
-0.24841997481962552
-0.23363266158645318
-0.21405414202007345
-0.18129683784240977
-0.16211368507215299
-0.16866505047856595
-0.18252357882244827
-0.17250579834086024
-0.17442868877001863
-0.16450554205850634
-0.16810349585462428
-0.08205905648175704
-0.05298030343765166
-0.1526095139535544
-0.25069412751923126
-0.32292900625941073
-0.18442455426321291
-0.21960073425206383
-0.10084176358474203
0.031668461889427534
0.39417272040853085
-0.40431285995480115
-0.2741927234472981
-0.07370041544242763
-0.005348641487536326
-0.055718465836639926
-0.08901241322747012
-0.19181622368180387
0.283977003684337
0.10813561553452333
-0.13876117305146693
-0.23795523862659737
0.029993664129214233
0.2143840750847666
-0.0673624354641462
0.20725820844011328
0.42733727798546234
0.38143267684201876
0.21168938346950805
0.14244429199185848
-0.28780648036231304
0.2536166193810985
0.4304354021058348
-0.34553640810105307
0.2984694268075513
0.32532048071600833
0.001356162273227983
0.037492769106458476
0.024425074190657703
0.0684257167630412
0.7016192703300606
-0.1894575608259786
0.1446796931731212
0.4357666964795745
0.06972897384170991
-0.013554811197278633
0.2806189281022053
0.01434027441949815
0.0545598752913716
-0.5489120530965246
-0.2877223645335048
0.2516916233323396
0.25383409494923576
0.45768726564235795
0.23496564056620803
0.24410166463590377
-0.14619482785800048
-0.8610991514736568
-1.2993168685954433
-0.079954053193642
0.781797637998503
0.4393298380501885
0.2290540785911314
0.10812850663639303
-0.2702475824054209
-0.3350867695037968
-1.3313291178663926
-0.23624286326735225
0.24153503440284113
0.7344081929430661
0.3716699237289695
0.4061123785827855
-0.055785041899575526
-0.579265546630125
-0.6390583647022663
-0.05720067624999317
0.21017438369369712
0.37293536252233245
0.3759126029015357
0.28138610870816777
0.1332228073391997
-0.15564777367085075
0.3831159773543035
-0.07552305652857692
-0.3063689734738006
-0.1653356991582669
-0.23394348507959223
-0.030007451628009846
-0.11049008181207666
0.48749816089567827
0.26463420764830553
-0.15264520345138374
-0.29147069893129757
-0.623938058057869
-0.08000729082792178
0.007716920616369439
0.16988505050981084
-0.19668410941471812
0.587578857288397
-0.12049358750227655
-0.3566602832624405
-0.20737381115402478
-0.6494901068698945
-0.3519197267291232
-0.22082648275273625
0.04445703804001026
-0.060354179009267206
-0.04998144875452545
-0.2500324211828618
-0.03164714933092032
-0.4991858982274096
-0.04604722659493833
-0.06591900192804807
0.1531216776344788
-0.27891654069420635
-0.20267834959985867
-0.3479635292225362
-0.1536149067141152
-0.281928686165658
-0.31074862696394057
-0.12673919647403253
0.41323322091612463
-0.1766116985394867
-0.031013173294249127
-0.2655487764702813
-0.1560614966048978
-0.49385586926617697
-0.647472542033822
-0.09075301122946416
-0.32902409298899765
0.6623608056447815
0.18195133760475016
-0.09459958512458366
-0.24565544279605425
-0.46051461409693534
-0.06079500752738143
0.4929314358079706
0.19862851536861956
0.6466990852082171
0.7563971951467263
0.5022322300385994
0.13757693975907848
0.2510710481446452
0.08345510200480645
0.2354538261718715
0.4950448784951988
0.3899711233600534
0.39017650946989746
0.4922413524839792
0.1634585606713861
-0.008907466693907488
0.42558337858601486
0.3579079482661487
0.175002290776309
0.7152594701447297
0.32315454723365417
0.28813838660442137
0.8450137968442055
0.5522791182817346
0.3500726064325115
0.08813494566216175
0.5795668934568478
0.37429910289566526
0.44352173301108877
0.30196541348745737
0.3276798623637269
0.5479056473146504
0.7285972087014153
0.5013926480639338
0.16824437765135908
0.46532403065885575
0.09278368853202637
0.6093922229539622
0.2144540832826608
0.4655796210015342
0.5957871860782106
0.5933448782286355
0.3244124645459506
-0.3080431343264794
-0.26996076491409227
0.06613360584196902
0.047398451216538885
0.48185410928794226
0.777297839935227
0.8406179343700654
0.5897654113428605
-1.2668266237650305
-0.24903416414021826
-0.21559030759237424
0.3532918641914136
0.4051894059866585
0.12817773905826674
0.30705288889539
0.1844627529303908
-1.612743263165626
-0.8400722008920952
-0.3671570308292948
-0.39074361777068356
0.006180269153123794
0.636430816091776
-0.09107528981587454
0.07075571775980641
-0.8027364006395772
-1.1919728308637092
-0.20427708741286146
-0.06951455743216516
-0.1537898555873594
-0.23558371197182387
0.4451538721057099
0.3803398886251768
0.12422335043086143
-0.11716194572731857
-0.04512354322614992
-0.49686155410637645
-0.4319981224993447
-0.45999626201955657
0.10943471108262243
-0.0356062586571323
0.03273504733799894
-0.2517069744965528
-0.17765903827810023
-0.2357251789167885
-0.030847036493929773
-0.14046751211460679
-0.27329858523329514
-0.01261521725566968
0.19984920143585722
0.06225558264623352
-0.39390926136879284
-0.15218687525266872
-0.32385851223195844
-0.3825300837361539
-0.07734023149914965
-0.1282786875054269
0.08376344408558417
-0.13125205205961615
0.10421728133565061
-0.1795409757485359
-0.19267729966506605
-0.12539117553462514
-0.2008756016414142
-0.30213686757810526
0.1311240759120347
0.010333202214429038
-0.2680489247201843
0.09475861866736356
0.0021200058119108336
-0.4064095584781876
-0.2434459953188065
-0.4174943925552125
0.17451010180171078
0.06662601957111
0.468011396815711
0.1593579301570777
0.13566193000449062
-0.194957526918402
0.060000014555209855
-0.05891998452027869
-0.06575671186618892
0.13716233003901926
-0.12610977427909792
-0.11625379884170813
-0.10205055585100734
-0.6064037600571455
-1.026868194001809
-0.5168083048442493
0.5435631627200421
0.18273874097786175
0.11403742087824258
-0.23799181181459783
-0.08730574304688482
0.23059851761960035
-0.09842977413160364
-0.4540321076754896
-0.17904778881204664
0.19884460497651457
0.16525364927546415
0.12677044576981436
0.24665091714212206
0.11478740737130728
0.0716622341617956
-0.35700625920535933
0.19467195523137604
0.21239029963205028
0.0503248860152084
-0.0668164120172039
0.14358005724993955
-0.09275049444496533
-0.01775786678400231
-0.19697197660988885
0.22774145666905113
0.31948732882571473
0.3025360551687387
0.2395565402057423
0.09820818820209447
0.05981990250138646
0.08262164415524735
-0.08492148297378073
0.05407510007123495
0.06006817166473755
-0.12939050876147687
0.17179989437022494
0.018675594677354423
0.2685794030295754
0.19276163634165058
-0.06991645242735264
-0.3203624665642571
-0.16492090204095253
-0.28906590706481095
0.3638342834224786
0.5751063404207937
0.7052073763268543
0.1638162037656172
0.057121990172955016
-0.42147510397053134
-0.16664001529639164
0.15914899636560703
0.23034739335268276
0.2857096740186391
0.4755685025856778
0.08242428459433032
-0.1874759958618466
-0.6053696344882705
-0.12135796308600896
0.38622240812115705
0.18885540447376686
0.04476467416119888
0.05130248038614455
-0.043487475084203996
-0.45133244237026304
-0.7868804656178224
-0.12963635988890707
0.06360822058839599
-0.04638498255784491
0.14318931587377165
-0.10045520191474644
0.014490119225171632
0.14023840739692534
-0.29592181559789776
0.39374494224223155
0.08466362093396594
0.4375116548198876
-0.035568875580082836
0.011713426129748884
-0.03574278555053627
0.2568586977203826
-0.33279040390671155
0.05337294993336442
0.2503550901144575
0.1106658224236872
0.10055174889840178
-0.34233054075457403
0.2920974045054292
0.20462874997516792
0.18831354022422817
-0.10503886428372969
-0.1604674346400553
-0.02200712384568792
-0.03518734513547194
0.3007259744015944
0.23597717767801518
0.4562596533235763
-0.12279708339061891
-0.09198823585365595
0.08725400515129302
0.0023777671881205324
0.07339864751728313
0.2444242415115461
0.2883085488982948
-0.060320698976062063
0.1766939063770857
0.02366060715061505
0.02269714276076404
-0.26786115593834603
-0.3410255311420057
-0.13770070824072514
-0.41303703685705034
0.11726710829414824
-0.096035296265151
-0.06747273047419872
-0.16998723619361658
0.0760593041993953
0.17739312887325331
-0.267722454030742
-0.4804939127683479
0.45505115760380055
-2.5682275631082945
-1.6018687576668966
1.4749244086451339
-1.701298167944142
-1.3387373167678724
-1.4419968746529261
-2.14543431864532
0.9242720593432111
2.2475593559314513
-0.33337230482627794
0.5529252674093594
1.4865831718550804
0.5037246497268902
-0.6463338405304203
-0.6475777711430355
0.32841889610490316
-0.6300236978121417
1.915630799701292
-1.5591191941732812
0.8523503583457482
-0.5478450896206514
-0.9262543037941187
0.9034582580372934
-0.9274297888747877
-1.6896029407564348
0.6040867437712801
2.473075422444052
1.4029485577075365
-0.6225564678442311
-0.7496558572272365
-1.53478554135186
-0.4608986829878432
-0.9253816721433796
-0.6134808109014965
-0.23191027468562864
-0.06892405238693583
-0.6258655737372472
-0.35091688826015066
1.5226414317641945
-1.1264414903334994
0.9975976784446688
-0.6233278040621103
-0.09518266925962932
2.1601504786825196
-0.6363631527077338
-0.45995723682966216
-1.1513320228232022
-0.1982860796278511
-0.34342524500489285
-0.2725738338784147
-0.5966732788165748
-0.4181127940975898
2.0934500875164295
-0.8412628499451261
1.8753087307488057
-0.7809808102612467
1.367794406393236
-0.6718400775981331
-1.221422846494382
-0.621982472065789
3.941436892651768
-0.174204556510422
-0.6916702912584213
2.636802302847207
-0.8349540828513978
1.9785489273218004
-1.248351038145363
-1.037869118670882
-0.16858391467270617
-0.9375422893602872
-0.5962468533089775
-0.6494092370815887
-1.2669753049668457
-0.2666919121784424
-0.36385807501044415
-0.26204021030610264
-0.5111528111406458
-0.587619533682599
1.235174058032222
-0.6056750454170674
-0.7229494397724211
1.5020078353470467
1.9455807859030392
-0.6373948760671468
-0.9481339501681861
-0.4842394623129848
2.9295188209171337
-0.10000129416452057
-0.48048096713363964
-0.5752816407135116
-0.7946971609120556
2.0971639532994066
-1.1306881426317765
-0.585151467815365
-0.20692378651390866
-0.5681620369942336
-0.5832337641160139
-0.6878513070981238
-0.8358399989545829
-0.1936256295593815
-0.24740440085649765
-0.33966797682193883
-0.775353071815004
-0.7184952032667682
-2.497917644627848
-1.8044544348421259
0.24611949214855644
-0.3999171855085942
-1.4688996103002863
0.6893410094890468
-1.0088873026930998
0.14921883122930532
0.8617596723710672
1.6787285797188067
0.9782916928028812
2.3709084337958672
0.04020818964532465
0.14189728494494036
-2.5119184291128795
-0.19987050215161756
-0.7265844540486865
-0.16870155873283368
-0.28130144817105474
1.676520337066828
-0.9200263258393768
2.5090131615211577
-1.188537045667637
-1.0913831549850137
-1.9554813759167908
0.1668319089252969
1.544750654520975
-0.5425163565141604
-0.46000802938183555
-0.5813862619606279
-1.2726731202636588
2.4292408748905694
-1.1578503456221745
-0.4901005198319591
3.7305547046551943
-0.038336817773996765
-0.44092076136376473
-0.3409097186377367
1.4043643788723754
-0.8280932771846404
-0.8885606800697496
-0.6831234498129244
-0.14993718283344457
-0.5661122432346544
1.6817717108554489
2.172599713513012
1.77742630106406
-0.23210208992360049
-0.28098429180180745
-0.3030318360524223
-0.902002854120446
-0.4235749037241305
-1.2011829808300791
-0.6598397841871299
-0.5584495249038046
1.1712786753289135
-1.5015914585272223
-0.5402852504382853
0.9838589772189364
-0.7521418633011775
2.1552861345524725
-0.12430273604169081
-0.4643675872790145
-0.6066062899669878
-0.7019226311661643
3.349460865212962
1.2289269666395022
-0.7641956277395262
-0.19908088232722093
-0.4880301819636546
-1.0900352038880798
-0.7155169909332167
1.554328891283407
-0.2609664304807266
-0.36942578848673396
-0.29942204287798413
-0.9146683846181075
-0.7845711495834001
-1.325342789866976
-0.7588726697832029
2.087679914346433
-0.5973784491185767
-1.427694647176708
-0.6110543943224961
1.1035969356264033
-0.34228023506581523
-0.2767525320142143
-0.05421898893639117
-0.5403964319833673
-0.36324692841066397
-0.6830196529207117
-1.0604658291095739
-1.1593860519184076
2.750251191661188
-0.12927289906877232
-0.9724327529840648
1.9641955803215705
2.0253730118785724
-0.8952668636941267
-0.23717119734852066
-0.2106672498017726
-0.31423210626451165
-1.006892610678455
-0.5501461431556552
-1.2659644374127719
1.2855259073310468
1.4251008079372551
1.7270966038471052
-1.5624359449791225
2.808898466719252
0.5982069914919769
1.7336463785086063
2.620685919601147
-0.09815760707988806
2.711457216403997
4.3235523835428635
0.7553831039272937
2.3553111483809763
0.7990690500128076
-0.8685649295960672
-0.2720336288781242
3.45236132745033
-0.8702077382117345
3.8728008315026763
1.3541459710161212
2.6341626672881193
-0.43483324622489283
2.8818029181721334
-1.0511243024674413
2.6330753299285914
-0.285950071751549
-0.20470066315690752
-0.1326971538615568
-0.1898704665394722
1.869662047316486
-0.14276791561377108
-0.26430438004938467
-0.06374495068002134
-0.05534263656542632
-0.011056541732544478
-0.06458111618862808
-0.048679242621220885
-0.1712966055037679
-0.3773462736971084
2.253061656621555
-0.1697806937712251
-0.01860396750574149
-0.10202737974627438
-0.12494421222292564
-0.11151568901038951
-0.21292612276795436
-0.02325025833032508
-0.047133533406445924
-0.0917116409994694
-0.11216420637322166
-0.11072390751938224
1.0487619397024024
-0.8204056722397753
1.965231110020727
-0.9188531684902791
0.492293935566088
-0.47437978552230975
-1.2366967920319916
-0.5068054132138591
-0.3839449894303757
-0.07710534553080096
-0.7811975339129004
-0.4198919059264276
-0.854239286582361
-1.2196289001082186
0.9660536224025998
-0.7275257845697297
-0.17763832276804292
1.8453472891550777
-0.785541548081511
-0.6739916078669116
-0.994785750907727
-0.4146814723863921
-0.3143208837510221
-0.35369483577783467
-0.7844636834650085
-0.6394452650869462
3.160331167943699
2.6795414165501588
2.278878761411673
-0.8585834211577191
0.262007011752952
-0.6579859401113403
0.6333301162550573
-0.5434564120635531
3.836590028990331
-0.15930702923207576
-0.8155205078097705
3.201837747129513
-0.7164233900083101
-0.9901214770069257
1.3558148160338306
1.5563409062962235
-0.19580841850037198
-0.6884244585953472
1.7400271512392684
-0.6899748492998669
2.773185246019135
-0.24931643457940203
2.4768878551035294
-0.4377083862304177
1.9348673480676983
2.1562448164950685
-1.525312440986309
-0.6646471572532232
-0.8362613549985336
-0.6876374219149308
0.42278104186341825
-0.5345663935884893
-1.4919732426864807
-0.7955745435250132
-0.3594223658729288
-0.06007687668085782
-0.7268104229664109
-0.5014117391910242
0.6796739706195403
-1.3702300416441657
1.3027361508174828
-0.9437952096794788
-0.24817156098736892
1.7485170116790951
-0.7747097189535568
-0.7603911933578954
0.7261020979984256
-0.4397107123859834
-0.8528513451780737
-0.5222203209022259
0.9713992836140763
-0.665527977416136
1.0635064097215985
-1.2948081788010992
-1.552931267765804
-1.4962812270686936
0.5515134444942213
-1.1008597682767538
-1.980329655890863
-1.2729601704323232
4.081435976570586
-0.35613519138020455
0.5766957329714303
1.210275567466494
-1.6258641041418844
0.15610780173517777
1.3908293261924969
-1.7891082503157163
-0.4690959507154573
0.5540614871214258
-1.402062026002751
-1.2591778139346932
1.211755154645493
-0.7210075191977176
-1.103197257120218
-0.9165057102491981
-1.4583466706549406
-1.209276561093813
-1.9933878155707592
0.3742794305051784
1.4909969813115667
0.6070486303292276
-0.8843354411187526
1.3850323657956742
-0.3558956173074802
0.4599152025478608
2.3122031373159317
-0.2185077902550606
-1.1776096512520555
1.8706403003501755
-1.6463655986421637
0.3939247087385912
-0.5741125532183441
0.38745432384866485
-0.6307723697256624
1.8473844714859782
-1.4197777873587258
-1.184427359332109
-1.8454899633467363
-0.8240432063881366
1.332515735697982
-0.7007931205042114
-1.7864179133441114
-0.9082778572332623
0.5608434607469477
-0.6314087248313304
-0.5840185933621815
-0.9476623003505175
-1.6830210125641927
-0.7936904990533138
-1.1924692066084408
-0.5970400526043227
-0.5075871130878211
-0.07563545557348274
-0.5822623603822613
-0.45441487926488044
2.4096401156763263
-1.5132981555041933
0.5804567682594539
0.9874696415851519
-0.30647215692574203
-0.9157235203012308
-1.2189379385389731
-0.6453051110995355
-1.025704934928895
-0.32246022520913503
-0.4322495316014022
2.4135739382456918
-1.2923791261188915
-0.6802863865940715
-0.6680617398958743
-0.3282219099528549
-0.37662877610385465
-0.5590944260181038
0.8301915797913458
-0.41574516439004405
-0.7811922718297423
-0.2539279664396424
-0.1641345066261049
-0.021612411449858968
-0.22267327086213534
-0.25905662109317007
-0.3569220242077923
1.8358879352001711
-0.5151942646123278
-0.3378644840365697
-0.1268376355301995
-0.3608534281888746
2.298104986616737
-0.5098238962736794
-0.47159638551825767
-0.1432507874332308
-0.13113649482260423
-0.18348347819939656
-0.565181980176545
-0.3814076086247333
1.8041494591074005
1.3803625040263456
-0.8984028629783573
-1.215141778175893
1.5291152471009961
-0.8210018573504912
0.5235369664494022
-0.6395051575711483
-0.6020187336921812
-0.16283307437140934
-0.8079746870758655
-0.5612228012448378
-1.2603694807848536
-1.3546951647643037
2.013330045741136
2.1954617291615763
-0.3459142043732015
1.4006628304219397
-1.2262021331368682
1.5833060520343014
1.6050018006529023
-0.3179923097395433
-0.4070583932338825
-0.43486323002585886
-0.9793969098625991
-0.6887818094934964
-0.8939022596230883
-0.5234461190921517
-0.5228321600111788
-0.6425792203196471
2.0597528955768145
-0.34008191546430877
-0.8120623186224297
-0.4774288620056672
4.234950418766473
-0.07726436022131195
-0.42932335531519833
-0.4512692293021899
-0.5515633315568224
2.7951077661742962
-0.8653100229840653
-0.40371938157924003
-0.1351517396931107
-0.4592673697321214
1.926613724719195
-0.4026469618907969
2.6752543695108955
-0.1637953474753319
-0.3228586942594607
-0.21430772549983973
-0.49499085674400667
-0.3569196422449417
3.2057500080323313
-0.8235419130784463
2.9974548196099393
-0.6712579114958749
1.633440641133473
-0.42675006946726024
-1.1227507726986636
2.41539872909671
3.3803695993515532
-0.066231766422584
-0.4768940417327731
-0.36529035076947364
-0.5733905865131061
3.2518863651148058
-0.8625617557423759
-0.7353759421596708
-0.10736140020924792
2.284815068544951
2.6208828899857144
1.9816102716133819
-0.760438135722087
-0.16813108430770843
-0.2781243548721142
-0.3220473166753976
-0.6481413297068376
-0.5877357041219313
-1.895356323122427
0.6030291201417104
-1.3711883089139236
0.04590372742894291
-2.451002783572779
1.311437101527505
-2.440344081211196
-0.9434067591154246
-0.8307864137087126
2.601688992650144
-0.8423475350365762
-0.839346423905803
-1.3340609488758064
0.4492899560086146
0.8015573782495828
-1.2021913565910167
3.8866200243165663
-1.0766725642261479
-1.6169302781151902
-1.1705342671384984
-1.8084815673950536
1.792272652528822
-0.84173074588659
-0.6106524346623086
-1.2829492577351982
-0.8928484468647485
-0.8462993139886771
-0.3983826551862713
-0.4626070023559996
-0.6550295764502375
1.0974673180550185
-0.24276295352794494
-0.9073540423754578
-0.2530672494597054
3.013658796438603
-0.15464855837208044
-0.31521149332525
-0.21806997221881438
-0.4297727893729267
1.65078213027825
1.6675236944725147
-0.3838061767485082
-0.14507752370536484
-0.32633808162318095
-0.5454586979648609
-0.39203107357540795
1.2581520967995847
3.928957676682607
-0.18029957623140092
-0.2647769466242324
-0.3852098271280987
-0.2585869282577923
-0.9701042191001543
-0.4983697310066968
-0.34787799576603473
-0.4049902971773975
-1.1839701101997115
-0.27541947689576374
-0.9918784870959386
-0.21448179405568968
-0.2077740774575781
-0.030335825070623615
-0.30108361410484524
-0.2548951120021246
-0.5740886572935686
1.4615546691065826
2.0050901600162505
-0.2800428715745588
-0.08333940525991845
-0.45273153447859904
-0.37305598595267503
-0.34342452821072933
-0.8215700677434207
-0.12383868940466253
-0.24952453241733613
-0.15052586746737082
-0.417123527798692
-0.27972620826555356
2.569687687330602
-0.1922514529280044
-0.37202362225293545
-0.2789644738173264
2.4194103931204713
-0.14372782794615738
-0.5229750945812386
-0.14736280267566917
-0.12094763251110155
-0.008687695224810325
-0.23307684839833712
-0.1317713445471212
-0.22448891611070323
-0.3989049793039026
-0.33733289205522166
-0.2550057252112885
-0.046288963420819396
-0.18934247507151875
-0.262672690289126
-0.22851839001638663
-0.2777151981998279
-0.07530495862509312
-0.061966439056255644
-0.13313853908245393
-0.3417296389762087
-0.27964997097324745
-1.0714446790878223
-0.44748787518116606
-0.4709236474808682
-0.7975677234259377
-1.3197996586238763
-0.3928917036599881
-1.0528731297763416
2.50697616095991
-0.35562137058271504
-0.03779174914490001
-0.35034873538574046
5.111510343051156
-0.586399307430306
-1.4608604761082749
-0.8737472575562236
-0.3777215692058786
-0.11855133300517244
-0.31627778684991403
-0.7274786668055389
2.6785861593591136
-0.7424720332819925
-0.23067127315760438
-0.19766833550418644
-0.2803830712244154
-0.9461806857793581
-0.764249762349976
-0.8651319538779455
-0.4762814146113463
-0.3729768118074943
-0.4731981438912868
-0.9840823799716393
-0.2285419702898897
-0.8244093802226057
-0.34330326728815735
5.142677740759509
-0.030618250910246114
-0.33590523107605685
-0.3199294704358996
-0.5967889000919042
-0.7312597178269887
-0.7338717383297734
-0.4007719192092157
-0.08928430014575181
-0.39154236873364107
-0.4635480906424147
-0.32875055217288274
2.6575217204821224
-0.1403814439309906
-0.29475081909733686
-0.21532901838704951
-0.5216348259896486
4.095128372097125