-0.0130509
-0.0273157
-0.0529739
-0.0515006
-0.041214
-0.0241217
-0.0161126
-0.00637087
-0.0105634
-0.0134036
-0.0242495
-0.0167178
0.000872001
0.0149502
0.0024775
-0.0019051
-0.0115237
0.000912666
0.0121772
0.0198194
0.0438312
0.0518659
0.0314
0.021027
-0.00312235
0.0280018
0.0660032
0.0848734
0.103584
0.0902097
0.0690128
0.0397951
0.0243734
0.120401
0.185485
0.206663
0.206824
0.149126
0.115014
0.0762452
0.118546
0.239796
0.249614
0.202269
0.208415
0.183769
0.145837
0.0862746
0.271214
0.258158
0.147085
0.114911
0.179236
0.212746
0.161862
0.0832229
0.381853
0.135721
0.0633898
0.086058
0.191717
0.249918
0.191403
0.082364
0.445057
0.0869084
0.0941938
0.171792
0.24624
0.304966
0.22763
0.0935293
0.458312
0.132936
0.171642
0.214293
0.216018
0.278164
0.264138
0.156212
0.384064
0.176404
0.189462
0.186238
0.132966
0.192747
0.260383
0.243644
0.260645
0.157326
0.1426
0.108646
0.041841
0.0861014
0.155365
0.211811
0.123499
0.062043
0.0708109
0.0397878
-0.0203391
0.0140274
0.0655818
0.118444
0.0659747
0.0329279
0.0219546
0.0014962
-0.0360391
-0.0282239
0.0123745
0.0522409
0.0189357
0.00394283
-0.00973324
-0.0125204
-0.0374171
-0.0451765
-0.0230723
0.00919977
-0.00223591
-0.0146554
-0.030602
-0.0403497
-0.058458
-0.0627998
-0.0367758
-0.0078917
0.045591
0.0350281
0.0161005
-0.00380976
-0.0141188
-0.0172185
-0.0154329
-0.00726047
0.0536794
0.0334165
0.0104709
-0.00605021
-0.0236053
-0.0207536
-0.0245088
-0.016766
0.0580998
0.028034
0.0106946
-0.00804137
-0.0181302
-0.0151279
-0.0238841
-0.0258026
0.0565953
0.0252053
0.0142018
-0.00281081
-0.0194249
-0.0137757
-0.0247537
-0.0317077
0.0463293
0.0274602
0.0209016
0.00527015
-0.0133388
-0.00914275
-0.0272894
-0.0318773
0.0411864
0.0267017
0.0209103
0.00682644
-0.015886
-0.00564982
-0.0205201
-0.0231967
0.0312463
0.0258095
0.0308668
0.0168236
-0.00908193
0.00827958
-0.0119761
-0.0159433
0.0212092
0.0378395
0.0414107
0.0239293
-0.0071717
0.0241732
0.00827638
-0.00156696
0.00662618
0.0537022
0.0586919
0.0328057
0.0128724
0.0430133
0.0395673
0.0283819
-0.000973065
0.0593237
0.0786213
0.0596471
0.0222234
0.0445294
0.0527045
0.0597906
-0.0057993
0.0711014
0.100548
0.0536405
-0.00167457
0.0241433
0.0517229
0.0882229
-0.0100409
0.0726313
0.0966747
0.0442194
-0.00747889
0.00374962
0.0612903
0.104839
-0.00831432
0.0610455
0.0728614
0.026221
-0.0131423
0.00792634
0.0715497
0.0908161
0.00579761
0.0473837
0.0550887
0.0112653
-0.00211902
0.0221891
0.0748552
0.0627187
0.0259386
0.0506291
0.0506682
0.0249708
0.0356916
0.0553674
0.0722376
0.0286517
0.0304296
0.0657362
0.0780036
0.0843891
0.0761581
0.0544946
0.0314675
0.00239058
-0.0033454
-0.0135952
-0.00985493
-0.0102855
-0.0144203
-0.0137858
-0.013377
0.00101795
-0.00367243
-0.00982313
-0.0063401
0.00399999
0.0107255
0.019052
0.00051593
0.0107091
-0.00319567
0.00233662
0.0136839
0.0324087
0.0452949
0.0399148
0.0103876
0.0201328
0.00954727
0.0280615
0.0448137
0.0548552
0.0609998
0.0347152
0.00782929
0.0203549
0.0294674
0.0743973
0.0868427
0.0787875
0.0601974
0.0186471
0.000250092
0.0188101
0.0907826
0.11736
0.0636393
0.0324502
0.0149702
-0.0198783
-0.0257509
-0.00651731
0.155153
0.0872383
0.000939946
-0.00898752
-0.0242569
-0.0356868
-0.0274318
-0.0223453
0.198388
0.0266077
-0.0379194
-0.0320244
-0.0402341
-0.0298179
-0.0254929
-0.0235481
0.217081
-0.0241838
-0.0407388
-0.0308264
-0.0322845
-0.0223943
-0.0315954
-0.0170265
0.222148
-0.0159356
-0.0179808
-0.0210403
-0.0163403
-0.00866652
-0.0132212
0.00749095
0.190228
0.026716
0.0138435
-0.000584876
0.0116622
0.0196857
0.0166315
0.0287256
0.141086
0.0711405
0.0517365
0.0392466
0.0523888
0.0505471
0.0381916
0.0320061
0.078607
0.0680463
0.0695207
0.0538889
0.054368
0.0432278
0.0307813
0.0257424
0.0307751
0.0349079
0.0544425
0.052228
0.0382686
0.0197068
0.011058
0.0139451
0.00283935
0.0016806
0.0208182
0.0274155
0.0181294
0.0075678
0.00795734
0.00611583
-0.00779471
-0.0212291
-0.0101074
0.00347308
0.0064568
0.00261645
0.00581273
0.00634113
-0.0114773
-0.0274997
-0.0447941
-0.0365081
-0.00492154
0.0243943
0.0202095
0.0192811
-0.0207965
-0.0285456
-0.0361177
-0.0199478
-0.000370761
0.0237732
0.0235692
0.0250644
-0.0363087
-0.0360855
-0.0381304
-0.0113448
0.000221121
0.0159405
0.0286932
0.0318796
-0.0690468
-0.0500287
-0.0558829
-0.0293582
-0.00972172
0.0184014
0.0312385
0.027421
-0.142701
-0.128009
-0.16434
-0.167185
-0.152996
-0.122417
-0.0584377
-0.0297808
-0.239996
-0.201399
-0.198671
-0.190585
-0.197579
-0.151205
-0.0618439
-0.0401832
-0.346181
-0.220279
-0.168531
-0.198127
-0.24608
-0.142887
-0.0803163
-0.076473
-0.377526
-0.198053
-0.159375
-0.180444
-0.219311
-0.0796853
-0.0549446
-0.113703
-0.333606
-0.108143
-0.0860853
-0.152388
-0.156299
-0.0566454
-0.0142477
-0.131946
-0.282334
-0.12255
-0.131855
-0.137786
-0.116785
-0.0713553
-0.0347844
-0.150505
-0.152687
-0.105521
-0.136181
-0.0894188
-0.0573999
-0.0475552
-0.0757413
-0.190923
-0.0341489
-0.0801758
-0.127448
-0.112561
-0.0967136
-0.0521399
-0.0793127
-0.129524
0.0721657
0.0148642
-0.0124413
0.00357917
-0.00139569
0.0513304
0.0334027
-0.0078531
0.0885765
0.0412124
0.00614595
0.0197753
0.0192853
0.0513045
0.0460951
0.0119232
0.0620984
0.0609325
0.0174692
0.0264362
0.0179831
0.0265793
0.0406512
0.0233022
0.0309636
0.0672505
0.0606876
0.0538472
0.0201257
0.00690227
0.0112848
0.0173335
-0.00191683
0.00365404
0.00176542
0.0130121
0.0246733
0.0300561
0.0190732
0.0119911
0.00106446
0.0209007
0.0362522
0.0463066
0.0560974
0.0499848
0.026426
0.0315839
0.0147596
0.0643681
0.0966662
0.109877
0.12353
0.123257
0.0845976
0.0842526
0.0467598
0.135536
0.188506
0.206677
0.212961
0.189187
0.141646
0.162494
0.128242
0.274087
0.313933
0.305806
0.275526
0.232897
0.183726
0.230458
0.285713
0.363518
0.299123
0.226049
0.214231
0.211757
0.194962
0.214769
0.426449
0.377143
0.271655
0.246482
0.271789
0.266074
0.217589
0.147881
0.528982
0.370307
0.325534
0.315599
0.289959
0.2062
0.110478
0.0445819
0.561962
0.30947
0.263197
0.203577
0.130982
0.0615059
0.00565347
0.0144811
0.534033
0.241709
0.143411
0.0656332
0.0212533
-0.00172003
0.00563033
0.0542582
0.46108
0.300393
0.184021
0.121681
0.0799113
0.0757923
0.102423
0.147414
0.299483
0.276992
0.23417
0.220944
0.190352
0.179951
0.175203
0.171451
0.14852
0.198886
0.194197
0.19243
0.168466
0.155824
0.140891
0.118554
0.0405715
0.0874491
0.105443
0.116254
0.111298
0.0944754
0.0806553
0.0629275
0.00173845
0.0190496
0.050351
0.0512633
0.0372371
0.0280676
0.0319749
0.0278852
-0.00387873
-0.00969601
0.00279649
0.0133439
0.0148751
0.0118492
0.0239349
0.0186716
-0.0248686
-0.00417133
0.00946625
0.0240966
0.0394236
0.0451701
0.0413062
0.0174317
-0.0371973
-0.00163159
0.017868
0.026011
0.0258134
0.0285591
0.0396653
0.0344396
-0.0545917
-0.00588089
0.0179402
0.026256
0.0129331
0.00213079
0.0181494
0.0228561
-0.0647198
-0.00118012
0.0186865
0.01414
-0.017747
-0.0273075
-0.0180736
-0.0100005
-0.0868011
-0.0081652
0.00460275
-0.012941
-0.026876
-0.0212938
-0.0233657
-0.030781
-0.0997486
-0.0227148
-0.0321554
-0.0345937
-0.0375274
-0.0360048
-0.0349644
-0.0455099
-0.12553
-0.0640198
-0.0448577
-0.0147957
-0.0294363
-0.0387468
-0.038098
-0.051393
-0.116333
-0.0552287
-0.0280638
-0.00969955
-0.0219264
-0.0193914
-0.0320343
-0.0509741
-0.0983055
-0.0603215
-0.0209156
-0.0110619
-0.0284129
-0.0312558
-0.0456273
-0.0532875
-0.0889662
-0.0722077
-0.00750403
0.00938602
-0.0118239
-0.0249556
-0.0591902
-0.0730421
-0.083316
-0.0888668
-0.0176574
0.000590317
-0.01925
-0.0182184
-0.0433802
-0.0794256
-0.0616282
-0.0716793
-0.0176885
0.0139907
-0.0108877
-0.012752
-0.0249909
-0.0634106
-0.0466449
-0.0463993
-0.0229924
0.00552216
-0.0190035
-0.0260786
-0.0389924
-0.0652344
-0.02846
-0.0230799
-0.00996731
0.0209005
-0.00109096
-0.0153693
-0.0292662
-0.0497931
-0.0166198
-0.0132978
-0.00484281
0.0176684
0.00247896
-0.00452629
-0.0197572
-0.0325614
-0.0109146
-0.00849367
0.00052372
0.0126163
0.0081907
0.000624148
-0.00592986
-0.0181225
0.00747506
0.0384294
0.0976976
0.143709
0.155124
0.132917
0.0933911
0.0333264
0.0322699
0.0811069
0.12024
0.105822
0.103576
0.113297
0.10409
0.0525698
0.0563482
0.110203
0.129214
0.0998775
0.112489
0.14113
0.11715
0.0596151
0.077863
0.110404
0.119651
0.110406
0.126063
0.161269
0.125183
0.0609463
0.0740473
0.0861603
0.0953094
0.0908762
0.111538
0.157803
0.116513
0.0545653
0.0394198
0.0415097
0.0657756
0.0830663
0.0997789
0.142243
0.145099
0.0599873
-0.0042768
0.0172188
0.0540231
0.0589577
0.0614273
0.111141
0.146636
0.0747472
-0.0442527
-0.00680685
0.0190257
0.0205371
0.0302933
0.0838061
0.142443
0.0861875
-0.0491078
-0.000902056
0.0142246
0.00822854
0.0250595
0.0714134
0.131456
0.103645
-0.0407055
0.00135344
0.0136484
0.0102275
0.0164703
0.0547293
0.112732
0.113298
-0.0182071
-0.00839376
0.0084633
0.00300936
0.0167536
0.0472171
0.0958914
0.112993
0.0226789
0.0134649
-0.00683289
-0.0231482
-0.000290062
0.030541
0.0821179
0.117702
0.0524192
0.0488294
0.0310863
0.0126508
0.0363385
0.0552928
0.107495
0.129434
0.0694252
0.0751969
0.0477599
0.0356535
0.0691929
0.0829582
0.124977
0.105617
0.0551226
0.0960994
0.0848277
0.0701003
0.0873164
0.0946336
0.109456
0.0650512
0.0439698
0.108612
0.151962
0.163227
0.154245
0.122556
0.0830354
0.0288676
0.0249714
0.0137492
-0.00520968
-0.0207118
-0.0158571
-0.0161018
-0.00666122
-0.00135141
0.0368079
0.0139487
-0.000796101
-0.0163295
-0.0129971
-0.0164235
-0.00807225
-0.00569489
0.043412
0.0108085
-0.00580289
-0.0184022
-0.0206975
-0.0240733
-0.0119627
-0.0104486
0.0445166
0.0112581
-0.00318202
-0.0216514
-0.0283328
-0.0258028
-0.0216297
-0.0136686
0.0417086
0.0139493
-0.00558324
-0.0377466
-0.0528993
-0.0403805
-0.0362717
-0.0216274
0.0276842
0.00903002
-0.016963
-0.041463
-0.0523155
-0.0389393
-0.0317843
-0.0268629
0.0191231
0.00436172
-0.0198643
-0.0246332
-0.0322008
-0.0210614
-0.0229817
-0.0322311
0.00498147
0.00639229
-0.00228528
-0.00683338
-0.0119807
0.00108639
-0.00404166
-0.0333756
0.000378618
0.0200926
0.024012
0.0151739
0.0115524
0.0125186
0.00957295
-0.0309961
-0.0040643
0.020024
0.0362864
0.0178969
0.0168392
0.016774
0.0126707
-0.0280451
-0.00108438
0.0348473
0.046933
0.00997659
0.0109457
0.00619015
0.0231386
-0.0112764
0.00109217
0.0421438
0.0331359
-0.0074244
-0.00300562
-0.00574711
0.0333796
0.0124605
0.0102362
0.0480699
0.0318741
-0.00299627
-0.00699319
-0.00627526
0.0322638
0.0294753
0.0147824
0.0423286
0.0223715
-0.019111
-0.0221859
-0.00617876
0.0253527
0.0378393
0.0131289
0.0330537
0.011976
-0.0213297
-0.0217341
-0.000131166
0.0222982
0.0356402
0.00688325
0.0130706
-0.00710406
-0.026284
-0.0252496
-0.00273668
0.0193228
0.0296237
0.0175633
0.0748542
0.204625
0.279499
0.26399
0.135172
0.0424922
0.00777111
0.00360454
0.016461
0.0765768
0.11329
0.129137
0.0555734
0.0167893
-0.0012261
-0.0132585
-0.0112135
0.0185666
0.0410611
0.0652691
0.017088
-0.00372591
-0.0108054
-0.0371104
-0.0396839
-0.0192986
-0.00964929
0.0141988
-0.0149138
-0.0210937
-0.0189137
-0.0701532
-0.0551422
-0.0320926
-0.0112586
0.00310267
-0.0341393
-0.0412192
-0.0376788
-0.0990758
-0.0635263
-0.0317797
0.024885
0.0496521
-0.00965766
-0.0261974
-0.0442002
-0.125488
-0.06898
-0.0106962
0.0713633
0.0918246
0.00215905
-0.0237463
-0.0481978
-0.145465
-0.0600882
-0.00938655
0.0967635
0.150605
0.0239977
-0.0218439
-0.045893
-0.151719
-0.0647831
0.0231232
0.169672
0.207877
0.0293524
-0.0216411
-0.0484469
-0.144207
-0.048986
0.0596954
0.209936
0.245612
0.0461971
-0.0250963
-0.0600511
-0.126801
-0.0376852
0.0604105
0.22438
0.254841
0.0607542
-0.0307977
-0.0754907
-0.0925012
-0.0182073
0.0653603
0.21044
0.218566
0.0374345
-0.0542498
-0.0763464
-0.0637424
-0.0266731
0.0563088
0.180608
0.207586
0.0645201
-0.0040493
-0.0300617
-0.0209507
0.0130456
0.0925606
0.188037
0.232132
0.114035
0.0260649
-0.0041115
-0.00448694
0.0272204
0.0989487
0.174794
0.233886
0.140251
0.050683
0.00585396
0.00476955
0.0324358
0.102219
0.167509
0.249575
0.180315
0.068726
0.0176449
-0.000108905
-0.000558384
0.00155943
-0.00247162
-0.009783
-0.00463984
-0.00478378
-0.00417109
-0.00126139
-0.00355207
-0.00549242
-0.0097143
-0.014555
-0.00624795
-0.00541365
-0.00533959
-0.0036402
-0.00719092
-0.00787952
-0.0137333
-0.0169597
-0.0116611
-0.00983856
-0.00991834
-0.00685962
-0.0134319
-0.0136836
-0.0198729
-0.0199718
-0.0107681
-0.00570144
-0.00867827
-0.0261033
-0.0291336
-0.0236716
-0.0302753
-0.0332311
-0.0222317
-0.0127278
-0.0160821
-0.0505288
-0.0341015
-0.0282586
-0.0437691
-0.0410529
-0.0252511
-0.0176861
-0.0239871
-0.0650669
-0.0374858
-0.0340661
-0.0454397
-0.0406351
-0.0145362
-0.0129094
-0.0295953
-0.0773548
-0.0495406
-0.0452531
-0.0646764
-0.0448577
-0.0142381
-0.0138747
-0.029665
-0.0777808
-0.0590436
-0.0550013
-0.0604919
-0.0303694
-0.0125603
-0.0215221
-0.0331861
-0.067045
-0.0652554
-0.0556295
-0.0514857
-0.0374973
-0.0261917
-0.0344942
-0.0421252
-0.043608
-0.043237
-0.0440786
-0.0500169
-0.0364063
-0.0238941
-0.026442
-0.0370854
-0.02783
-0.0261767
-0.0262946
-0.036794
-0.0263095
-0.0069068
-0.00918227
-0.0218796
-0.0171406
-0.00918505
-0.0109978
-0.0225661
-0.0192915
0.000233899
-0.00117615
-0.00414047
-0.0123324
-0.00520755
-0.00708717
-0.0156457
-0.0193339
0.00186946
0.00469463
0.00215291
-0.00684063
7.05245e-05
0.00147228
-0.00412505
-0.0106378
0.00718168
0.0088432
0.0029782
-0.00449547
-0.00181651
0.00340447
0.0065785
0.00105117
0.00945056
0.00551657
-0.000290181
0.0238093
0.0160117
-0.00161875
-0.0181368
-0.0165962
-0.0064811
-0.00305753
-0.00303343
0.032127
0.0177208
5.6591e-05
-0.0149262
-0.0133109
-0.00432865
-0.00157197
-0.00186882
0.0460845
0.0254637
0.00433848
-0.0144339
-0.0135862
-0.00377259
-0.00230475
-0.00272188
0.0534775
0.0269387
-0.00255308
-0.0204513
-0.00796367
0.0070242
-0.00170968
-0.00671491
0.055112
0.0186417
-0.00787444
-0.0174838
0.00100768
0.00767623
-0.00351589
-0.00545314
0.0482418
0.0173695
0.00552177
-0.00508391
0.0105262
0.0135363
0.00539299
-0.00205911
0.0394384
0.0274888
0.023491
0.0125304
0.0257924
0.02794
0.0140213
-0.000628285
0.0332662
0.0450705
0.0432791
0.018553
0.0251159
0.0232184
0.0126748
-0.00237938
0.0336214
0.0661856
0.0605516
0.0299112
0.0266973
0.0218363
0.00781507
-0.00786512
0.0367961
0.0710754
0.0602357
0.0274419
0.021485
0.0180261
0.00528639
-0.0100253
0.0416861
0.0683081
0.0596141
0.027959
0.0245392
0.0228386
0.00849199
-0.00565529
0.0402044
0.0592849
0.052582
0.0266086
0.0260813
0.0283169
0.0177783
0.00278266
0.0442005
0.0481575
0.0348369
0.0149741
0.0215214
0.0337101
0.0339684
0.0203878
0.0394991
0.0423743
0.022079
-0.00302821
0.00546386
0.024181
0.0323513
0.0255455
0.0335329
0.0295344
0.0117468
-0.0090939
-0.00337066
0.0135909
0.0284207
0.0252463
0.0213602
0.0239252
0.00672627
-0.0115055
-0.0142143
-0.00234773
0.0157478
0.0215163
-0.00194531
0.00691053
0.0557097
0.100897
0.0734648
0.0243124
0.00257593
-0.00925408
-0.0110297
0.00064261
0.0544971
0.114843
0.0919567
0.0142105
-0.0112423
-0.0222195
-0.0340614
-0.0167275
0.0258391
0.0971075
0.0859239
-0.0208723
-0.0467935
-0.0552103
-0.0557713
-0.0307097
-0.0237987
0.0744413
0.0506142
-0.0903871
-0.105582
-0.1236
-0.101439
-0.100897
-0.138177
-0.0224181
-0.0541681
-0.200809
-0.168477
-0.198616
-0.187186
-0.187791
-0.142649
0.0258877
0.0142587
-0.174718
-0.166949
-0.223227
-0.276116
-0.191886
-0.104522
0.049396
0.0486911
-0.156184
-0.187815
-0.239508
-0.297195
-0.15187
-0.100372
0.0698466
0.0616148
-0.122332
-0.174965
-0.214484
-0.333233
-0.171433
-0.111335
0.0782513
0.0682554
-0.103802
-0.189346
-0.219456
-0.324463
-0.104296
-0.047497
0.106337
0.0965782
-0.0863374
-0.225377
-0.205066
-0.302109
-0.101116
-0.0713866
0.0751018
0.055997
-0.123138
-0.245215
-0.166645
-0.254162
-0.1403
-0.0922096
0.0220889
-0.00189642
-0.133127
-0.196127
-0.122199
-0.131779
-0.0759714
-0.0330696
0.0249326
0.0250525
-0.0752558
-0.114327
-0.0749328
-0.0594605
-0.0549624
-0.00192952
0.0609242
0.0829758
-0.0048387
-0.0512987
-0.0300824
-0.00671653
-0.0040162
0.0405484
0.0924412
0.116441
0.0164553
-0.0218874
-0.0127277
-0.00212819
0.00429066
0.0380322
0.0771378
0.137026
0.066373
0.0173811
-0.00126845
-0.00965499
-0.00954756
-0.0241147
-0.0341383
-0.0548007
-0.0467617
-0.0461734
-0.0339338
-0.0160532
-0.0157341
-0.0341645
-0.032982
-0.052551
-0.0390143
-0.0409352
-0.0390323
-0.0231434
-0.019717
-0.0364193
-0.0318411
-0.0647022
-0.0472679
-0.0414609
-0.0383967
-0.0266505
-0.0215489
-0.0380423
-0.048022
-0.0721576
-0.0375822
-0.028981
-0.0323961
-0.00998849
-0.0208924
-0.0558542
-0.0693179
-0.0566314
-0.0166108
-0.00470247
-0.0122456
0.0327189
-0.0120142
0.00118087
0.0155075
0.0033084
0.0359431
0.0384209
0.0204802
0.0850029
0.0356827
0.0844289
0.0858724
0.0713162
0.101879
0.0829981
0.07287
0.0740414
0.0655624
0.0621279
0.0975596
0.104258
0.0674338
0.0559482
0.118721
0.0688098
0.074474
0.0226496
0.0898646
0.0834112
0.0136548
0.019238
0.142842
0.0467719
0.0322709
-0.0182732
0.0312347
0.0260445
-0.0341308
-0.0295587
0.126709
-0.0030664
-0.0342236
-0.0498589
-0.0276843
-0.0420158
-0.0678912
-0.0442855
0.065284
-0.0482636
-0.053571
-0.0593234
-0.0668885
-0.0685784
-0.0698586
-0.0409124
0.0059107
-0.0683878
-0.0483014
-0.0388146
-0.04754
-0.0529115
-0.0488185
-0.0322519
-0.0173047
-0.0669664
-0.051256
-0.0300664
-0.0390836
-0.0487836
-0.0303063
-0.0200659
-0.0161614
-0.0488334
-0.0437114
-0.030905
-0.0411748
-0.0417229
-0.0202979
-0.0143728
-0.0112565
-0.0279182
-0.0424203
-0.0417209
-0.0403921
-0.038307
-0.0236839
-0.0151205
-0.00963971
-0.0423636
-0.0824728
-0.145482
-0.169938
-0.181101
-0.173223
-0.0916813
-0.0451999
-0.0707856
-0.105333
-0.152457
-0.131395
-0.149366
-0.167636
-0.0867609
-0.0645037
-0.0967458
-0.166495
-0.167459
-0.0882907
-0.111115
-0.129443
-0.0829918
-0.082434
-0.150078
-0.214372
-0.174419
-0.116347
-0.15263
-0.169824
-0.120324
-0.104168
-0.15812
-0.220127
-0.162497
-0.0436289
-0.0643748
-0.127045
-0.120158
-0.134702
-0.152
-0.248754
-0.153912
-0.0678319
-0.074145
-0.103852
-0.177735
-0.157649
-0.129428
-0.204153
-0.0354632
-0.0540777
-0.100089
-0.214057
-0.153399
-0.109378
-0.101969
-0.0518608
0.040026
-0.1665
-0.262816
-0.29533
-0.08181
-0.0496454
-0.0945537
0.00604672
-0.0638476
-0.316909
-0.388889
-0.27835
-0.110248
-0.0396232
-0.0890989
-0.0722655
-0.203334
-0.347303
-0.321876
-0.164573
-0.157193
-0.0601794
-0.0970006
-0.219898
-0.324302
-0.312163
-0.259287
-0.206802
-0.235235
-0.0929864
0.00365059
-0.199403
-0.328327
-0.239235
-0.182173
-0.133694
-0.159609
-0.0424944
-0.00855297
-0.173274
-0.276776
-0.188794
-0.154956
-0.153246
-0.193001
-0.115008
-0.0366965
-0.158119
-0.217835
-0.150827
-0.131947
-0.138828
-0.14482
-0.0936472
-0.046405
-0.148089
-0.182078
-0.131326
-0.152372
-0.173677
-0.141278
-0.0764312
-0.0408077
-0.12458
-0.206651
-0.207191
-0.220351
-0.191191
-0.113781
-0.0400004
0.00273593
0.00505783
0.00490089
0.00840314
0.00152354
-0.0130702
-0.00274128
-0.000810155
0.00479357
0.0155158
0.0397954
0.0509993
0.045635
0.0258672
0.0182593
0.00653566
0.0235062
0.0603455
0.0953669
0.114062
0.12017
0.107031
0.0707653
0.0370096
0.0608484
0.126119
0.166883
0.169386
0.180015
0.173483
0.148183
0.105848
0.124961
0.215327
0.233625
0.207707
0.194943
0.205697
0.222934
0.236076
0.216036
0.260353
0.185492
0.123668
0.0856314
0.123128
0.204367
0.364384
0.322673
0.225141
0.077269
0.0215787
-0.0156103
0.020984
0.128938
0.459826
0.411145
0.117181
-0.00563751
-0.0359365
-0.0341554
-0.00831663
0.0461599
0.492522
0.454516
0.0528034
-0.0233609
-0.0422561
-0.0190752
-0.00373305
0.0661991
0.491468
0.463765
0.0394611
-0.0290379
-0.030264
0.00116661
0.0435576
0.166693
0.43445
0.442845
0.0976541
0.022844
0.0256111
0.0699839
0.154171
0.259013
0.312843
0.355285
0.161762
0.108199
0.129965
0.18068
0.236745
0.243028
0.162613
0.225073
0.16805
0.143111
0.159603
0.186095
0.186903
0.148282
0.0621107
0.106724
0.110647
0.108941
0.124709
0.12315
0.106947
0.0651542
0.0125907
0.0350767
0.0461996
0.0395851
0.0557409
0.0634765
0.054987
0.0202291
0.000218261
0.00548331
0.0212634
0.0223741
0.0355788
0.0316478
0.0145654
8.2016e-05
-0.00520373
0.00644265
0.0353592
0.0741313
0.0761293
0.0901408
0.102365
0.0533137
0.00794963
0.0252651
0.0503
0.0743204
0.0281434
0.0251954
0.0756108
0.084302
0.0307352
0.0379307
0.053294
0.0662848
0.00418657
0.0015761
0.037772
0.0816366
0.0523843
0.0340294
0.0508021
0.0549627
-0.0200147
-0.0229359
0.0098655
0.064882
0.057038
0.010328
0.0349474
0.0432501
-0.0343216
-0.0356716
0.00890681
0.0527174
0.0504498
-0.0155287
0.0349592
0.0500852
-0.00396762
-0.00669579
0.035714
0.0414715
0.0340682
-0.0173377
0.0487134
0.0620998
0.0185434
-0.00319259
0.0411927
0.0245095
0.00389754
-0.0273046
0.0425604
0.0658669
0.0235118
-0.00592081
0.0206329
0.0018141
-0.0236736
-0.0293637
0.0452765
0.0583581
0.013283
-0.0260094
-0.00916395
-0.0247665
-0.0471297
-0.0329555
0.0443659
0.0618859
0.0106709
-0.0332831
-0.0255941
-0.035653
-0.051693
-0.0236502
0.0330787
0.0463508
-0.0110017
-0.0579677
-0.0363221
-0.0486227
-0.0539037
-0.00983145
0.0334084
0.049549
-0.0164654
-0.0675869
-0.0488554
-0.0596163
-0.0493144
-0.0028581
0.0164504
0.025728
-0.0301585
-0.0515441
-0.0376433
-0.0438695
-0.0268433
0.0187044
0.0310257
0.0323661
-0.0207837
-0.0364586
-0.0311477
-0.0323938
-0.0196675
0.0227307
0.0251883
0.0336217
-0.0126133
-0.0369988
-0.0156449
-0.0275553
-0.0159906
0.0191188
0.0196321
0.0363442
0.00108804
-0.0351623
-0.0213259
-0.0246257
-0.0094917
-0.00698134
-0.00745811
-0.0151501
-0.0383026
-0.0425701
-0.049725
-0.0386698
-0.017487
-0.0124379
-0.011153
-0.0184235
-0.035404
-0.0377814
-0.049334
-0.0551383
-0.0401645
-0.0125445
-0.025537
-0.0634464
-0.0809858
-0.0569629
-0.0584142
-0.066144
-0.0703321
-0.0308694
-0.0578892
-0.0959356
-0.11899
-0.0976493
-0.112344
-0.112335
-0.0919417
-0.0478332
-0.0748608
-0.0938667
-0.0963139
-0.0782324
-0.0938535
-0.10002
-0.103825
-0.0805177
-0.0990559
-0.101606
-0.085893
-0.100662
-0.0896341
-0.0812029
-0.104854
-0.117828
-0.110528
-0.118451
-0.122701
-0.123208
-0.0747305
-0.0660112
-0.0931073
-0.14637
-0.119178
-0.138739
-0.127717
-0.0854461
-0.0498471
-0.0421838
-0.0780563
-0.177686
-0.141289
-0.142489
-0.114129
-0.052658
-0.0372836
-0.0318523
-0.0799846
-0.195506
-0.137134
-0.116682
-0.0807475
-0.0283577
-0.0177869
-0.0211123
-0.0790664
-0.205783
-0.131751
-0.0819122
-0.0879517
-0.0365291
-0.020564
-0.0273448
-0.0792422
-0.19099
-0.14798
-0.110088
-0.116644
-0.0700209
-0.0422588
-0.0498418
-0.0889531
-0.142754
-0.133093
-0.150468
-0.147437
-0.092221
-0.062216
-0.0871984
-0.0718702
-0.095978
-0.0739265
-0.110317
-0.129318
-0.0965929
-0.0806571
-0.0673787
-0.0325295
-0.0583791
-0.0593976
-0.0789004
-0.0792322
-0.0284775
-0.0177231
-0.00928896
-0.00790725
-0.0273293
-0.039776
-0.0505215
-0.0592946
-0.0207221
-0.00570369
0.00173792
-0.00463885
0.00238354
-0.0155658
-0.0346311
-0.00778804
0.00870872
0.0183581
0.0291804
0.0321741
0.00506048
-0.0104358
-0.0349702
-0.00921383
0.00824313
0.0107434
0.00336449
0.0150298
0.0155971
-0.00517851
-0.0402055
-0.0268099
-0.0146142
-0.010276
-0.00214824
0.0283889
0.04182
0.0249849
-0.016864
-0.00469784
0.0131729
0.0166812
0.00580448
0.0350493
0.0941963
0.0452441
0.00888657
0.0294979
0.0432612
0.0472476
0.0224474
0.0345241
0.12638
0.0684822
0.0398466
0.0299425
0.0269401
0.00762782
-0.0215219
-0.00790888
0.129196
0.0722275
0.0367876
0.00144901
-0.010865
-0.0317813
-0.0762816
-0.051541
0.104623
0.0858893
0.0478101
-0.0165359
-0.0345628
-0.0606267
-0.0811702
-0.0666913
0.095619
0.136937
0.0925307
-0.0117063
-0.0402653
-0.0532536
-0.0596069
-0.0698447
0.0770536
0.138767
0.0876079
-0.010747
-0.0404711
-0.0545611
-0.0529708
-0.0749203
0.0759529
0.125233
0.069636
-0.00490527
-0.0258316
-0.0382426
-0.045362
-0.0767677
0.0585898
0.0997776
0.0579012
0.00254243
-0.0308958
-0.0362774
-0.0392833
-0.0816999
0.0416198
0.0566075
0.0185439
-0.0116909
-0.0398799
-0.0535768
-0.0524051
-0.0818206
0.0113187
0.00728715
-0.00332666
-0.0129435
-0.0389085
-0.0469309
-0.0533049
-0.0645144
0.00931907
-0.00625047
-0.0238477
-0.0357085
-0.0606754
-0.065212
-0.0620506
-0.037514
0.00311629
-0.00493184
-0.0277281
-0.0447485
-0.0627513
-0.0637324
-0.0412518
-0.0140435
-0.00387883
0.00142664
-0.00239617
-0.0198801
-1.67819e-05
0.0117468
0.00680092
0.0028238
-0.00476021
0.000272809
0.00468802
-0.014338
-0.00381324
0.00696796
0.00042677
-0.00362879
-0.00468192
0.0118057
0.0229542
-0.022615
-0.0190948
-0.016775
-0.0239887
-0.0218957
0.0039822
0.0167826
0.00479076
-0.0553292
-0.0166213
0.00036259
-0.0196766
-0.0373866
0.00882576
-0.00407165
-0.036407
-0.0710007
-0.0356102
-0.0215966
-0.0430573
-0.0571381
-0.0316621
-0.0477931
-0.0348401
-0.0650926
-0.0526302
-0.0273621
-0.036855
-0.0718395
-0.0864891
-0.0456563
0.0185629
-0.030016
-0.0198993
-0.0150196
-0.0291882
-0.0747772
-0.154225
-0.0436807
0.0347192
0.0149256
0.0114872
0.00861263
-0.0127615
-0.0639403
-0.192989
-0.0594038
-0.0166264
-0.0214195
0.030869
0.0518231
0.0367117
-0.0125321
-0.197642
-0.0775225
-0.0488977
-0.0572784
-0.00969755
0.0304004
0.0366837
0.0269219
-0.178216
-0.0789715
-0.0454931
-0.0709428
-0.0391756
0.00737759
0.0185011
0.0398105
-0.12722
-0.0838833
-0.0404502
-0.0535035
-0.0318598
0.00408163
0.00859876
0.0259958
-0.049011
-0.0441214
-0.0089517
-0.0388154
-0.0543507
-0.0119423
0.0108734
0.0264944
-0.0139287
-0.0218204
-0.00688987
-0.0358741
-0.0465156
0.0181581
0.0208508
0.00992934
0.00251424
0.00494985
0.00130742
-0.017793
-0.0265496
0.0162516
0.0100056
0.00541386
0.0131302
0.0175458
0.0144515
-0.00445672
-0.026181
0.00310047
0.0036642
-0.00118786
-0.00814546
-0.00423508
-0.000487949
0.0107804
0.00655717
0.00101916
0.00597106
0.00658267
-0.0125791
-0.00849373
0.00953884
0.0271721
0.0212243
0.00648189
-3.41222e-05
-0.00361472
-0.0164645
-0.0105583
0.0123224
0.0330536
0.0237904
0.00989948
-0.00285559
-0.0128638
-0.022074
-0.00786548
0.018737
0.0379284
0.024875
0.0180986
0.00119675
-0.0146414
-0.0248923
-0.00501364
0.0164991
0.0469734
0.0398845
0.0358058
0.0035643
-0.0104472
-0.013032
0.00645064
0.0231821
0.0744546
0.0796209
0.0388595
0.0056112
0.00603467
0.00773682
0.021241
0.0356208
0.0843885
0.0947064
0.063571
0.0182933
0.0187903
0.0119441
0.0141284
0.032754
0.0746327
0.0894161
0.0568059
0.00592163
0.0117425
0.0136133
0.0314809
0.036872
0.0821033
0.102749
0.0651246
0.0135716
0.00282215
-0.0139903
0.000810865
0.011991
0.0647841
0.0864639
0.0279224
-0.0171346
-0.0301374
-0.0337839
-0.0399715
-0.0155099
0.0464472
0.0760179
0.0209406
-0.0155852
-0.0466252
-0.0353951
-0.0523958
-0.0133603
0.040577
0.0716313
0.00971332
-0.0178351
-0.0467322
-0.0375783
-0.050881
-0.0205101
0.0308485
0.0645398
0.0117867
-0.00704924
-0.0257824
-0.0359438
-0.0367347
-0.014096
0.0241392
0.0426846
0.00588739
-0.00713804
-0.00891745
-0.0286267
-0.0363337
-0.0166745
0.00898082
0.02692
0.00782668
0.00245073
0.00180061
-0.0118325
-0.0283946
-0.0244106
-0.0056757
0.018644
0.0154418
0.00999917
0.00165719
-0.00617744
-0.0157409
-0.0403269
-0.0894644
-0.0853425
-0.0491029
-0.0281829
-0.0135559
-0.00360573
-0.0246279
-0.0553532
-0.0930241
-0.0774541
-0.0573163
-0.0341099
-0.0147154
0.0193454
-0.027206
-0.0681727
-0.11657
-0.0977814
-0.0693469
-0.041022
0.00113768
0.0568736
-0.0519011
-0.0875867
-0.113865
-0.0737535
-0.0340237
-0.00970948
0.0278548
0.0954446
-0.101582
-0.117348
-0.123019
-0.0778109
-0.00574783
0.0216671
0.0548177
0.107272
-0.0766997
-0.0510072
-0.0590686
-0.0560273
0.0212131
0.0465674
0.0734196
0.104856
-0.0391039
-0.0506049
-0.0690109
-0.0701718
0.0246156
0.0640483
0.0815195
0.103123
-0.0060264
-0.0495084
-0.0639074
-0.0522267
0.0663501
0.0897047
0.0823346
0.0948653
0.000938456
-0.0592269
-0.0442517
-0.0220718
0.0937683
0.119141
0.0728695
0.0813742
0.0533471
-0.00873763
-0.00990256
-0.00344999
0.110125
0.143587
0.0720904
0.0529638
0.0715465
0.0557319
0.0423618
-0.00529948
0.0703292
0.102574
0.068461
0.0194454
0.034801
0.0302195
-0.0142493
-0.0626188
-0.00948021
0.0325761
0.0608634
-0.00057013
0.00477076
0.00200208
-0.0382992
-0.0598083
0.00457511
0.0311223
0.0481238
-0.0156283
-0.0173036
-0.0250346
-0.0456466
-0.074077
-0.0175806
-0.00785439
0.00185726
-0.0161498
-0.0257754
-0.040533
-0.058999
-0.095847
-0.0353733
-0.0215704
-0.00916072
-0.0105746
-0.0194882
-0.029456
-0.052454
-0.0826763
-0.0261467
-0.0151781
-0.00961202
-0.00170339
-0.00816976
-0.0198219
-0.0242619
-0.0287591
-0.0233323
-0.0128176
-0.000720663
0.00266949
-0.0101436
-0.0216514
-0.0242744
-0.0305471
-0.0260486
-0.0204115
0.00550138
0.0072918
-0.0103835
-0.0342081
-0.0517153
-0.0582408
-0.0536169
-0.029886
0.0112661
0.00324619
-0.0187856
-0.0599374
-0.062485
-0.0530512
-0.0499881
-0.0159511
0.0107236
-0.0139729
-0.0569054
-0.0873306
-0.0674871
-0.08201
-0.0755289
-0.016588
-0.00830468
-0.0502376
-0.0666322
-0.0552827
-0.0428428
-0.0843821
-0.0580096
-0.00597719
-0.0323206
-0.0792551
-0.0259164
-0.0416104
-0.0494555
-0.0768849
-0.0341102
-0.00726042
-0.0519507
-0.103117
-0.0050579
-0.0423035
-0.0451149
-0.0559303
-0.0254853
-0.0253448
-0.0647704
-0.120739
-0.00919283
-0.0256188
-0.0280627
-0.0493711
-0.0365244
-0.0383099
-0.0785289
-0.127014
-0.0296568
-0.0173707
-0.0169554
-0.0437526
-0.0440971
-0.0415434
-0.0852377
-0.118689
-0.0787444
-0.0342326
-0.0259019
-0.0380347
-0.0351767
-0.0597273
-0.0959336
-0.0947838
-0.0825966
-0.0355268
-0.0339845
-0.0225711
-0.0290878
-0.0532413
-0.0811692
-0.0728569
-0.0683159
-0.0341883
-0.0299195
-0.0127513
-0.0243448
-0.0396956
-0.0541153
-0.0459027
-0.0409058
-0.0229846
-0.0140281
-0.00971574
-0.0252392
-0.0303772
-0.0248721
-0.0368072
-0.033635
-0.0208809
-0.0149327
-0.0170887
-0.0235797
-0.0161619
-0.0103946
-0.023959
-0.0320846
-0.0289041
-0.0255804
-0.0176548
-0.0148344
-0.0107989
-0.0053176
-0.0026096
-0.00520782
-0.00791919
-0.013625
-0.0144445
-0.0136529
-0.0121255
-0.00773483
-0.00484657
-0.00784258
-0.0119123
-0.0127663
-0.0132822
-0.0108954
-0.0101069
-0.00621913
-0.00766297
-0.0116714
-0.0156175
-0.0163295
-0.0208937
-0.0140064
-0.0132495
-0.00631235
-0.00877204
-0.0173392
-0.0248548
-0.0241312
-0.0326937
-0.0229036
-0.0187989
-0.00514565
-0.00460664
-0.029539
-0.0331421
-0.0337312
-0.0344863
-0.0178832
-0.0105704
0.0154666
0.0109494
-0.0394195
-0.0277514
-0.026534
-0.0197062
-0.0162646
-0.00208463
0.0410701
0.0177207
-0.0386538
-0.010949
-0.000668809
-0.00572267
-0.0122599
-0.000196837
0.0532979
0.022965
-0.020166
0.00420359
0.0221302
0.00672414
-0.00807972
-0.000500472
0.0493303
0.0209432
-0.0128876
0.0133091
0.0255326
0.0120481
-0.00186557
0.0100096
0.0423611
0.0145728
0.0073771
0.0305312
0.0179712
0.0173255
0.0177124
0.0248016
0.0277456
0.00243178
0.0132106
0.0117889
-0.00245759
0.0104637
0.019444
0.0153767
0.00279153
-0.0132665
7.20502e-05
-0.0118146
-0.0138646
-0.00838507
-0.00712893
-0.00878619
-0.0118214
-0.0233776
-0.0190569
-0.0235727
-0.0252364
-0.0245645
-0.0205352
-0.0202447
-0.014218
-0.0175372
-0.0198694
-0.0187782
-0.0176196
-0.0189124
-0.011426
-0.0125674
-0.00879477
-0.0106053
-0.0124451
-0.012491
-0.0123674
-0.0139866
-0.00894036
-0.00754899
-0.00421571
-0.00635394
-0.00877592
-0.0105267
-0.0135701
-0.0139237
-0.0086719
-0.00630896
-0.00406456
-0.00650796
-0.0131934
-0.0320706
-0.0413956
-0.0428383
-0.0342524
-0.0178504
-0.00662905
-0.00805843
-0.0203993
-0.0272573
-0.0279897
-0.0233166
-0.0197662
-0.010328
-0.00368439
-0.00928872
-0.0218856
-0.0256401
-0.024031
-0.0209802
-0.0167698
-0.00418546
0.000529981
-0.00767003
-0.0202923
-0.0256371
-0.0187798
-0.0202424
-0.0148411
0.00418119
0.00361965
-0.0119653
-0.0214162
-0.0190326
-0.0183368
-0.0200778
-0.0118355
0.00061013
-0.00373556
-0.0340943
-0.013312
-0.00571773
-0.0252455
-0.0155353
-0.0110135
-0.0230262
-0.0182991
-0.0526467
-0.00761759
-0.0107285
-0.0159167
-0.00710869
-0.0198142
-0.0396096
-0.0266943
-0.0675405
-0.0153298
-0.00466366
0.0141535
0.00885025
-0.02277
-0.0436143
-0.0331246
-0.0678426
-0.02078
-4.8995e-05
0.0154402
0.00780567
-0.0203487
-0.0340235
-0.0385295
-0.0570567
-0.0162974
0.000983853
-0.0103103
-1.79996e-05
-0.00638913
-0.019284
-0.0425971
-0.0345125
0.000683609
-0.0124452
-0.0253446
-0.00759567
0.00148685
-0.000470017
-0.0323092
-0.0192097
0.00425257
-0.0136402
-0.0177068
-0.00749859
-0.00792737
-0.00617001
-0.0249298
-0.00866782
-0.0015894
-0.0179776
-0.0197979
-0.0140735
-0.0190412
-0.0181264
-0.0239727
-0.00871766
-0.00913977
-0.021795
-0.0280063
-0.0158512
-0.0204168
-0.0172756
-0.0184204
-0.0105069
-0.0122228
-0.0204096
-0.0315563
-0.0219239
-0.0296865
-0.024254
-0.0151888
-0.00977728
-0.0140262
-0.0229394
-0.0367254
-0.0397198
-0.0398127
-0.0201515
-0.0124392
0.0251881
0.0275758
0.00646295
-0.0135327
-0.0131118
0.0128523
0.0363098
0.037686
0.0325235
0.0455062
0.0251266
-0.00146472
-0.000654618
0.0288688
0.0490674
0.0528569
0.0296904
0.042417
0.0350511
0.0101924
0.00955263
0.0440581
0.0649807
0.0552827
0.0263993
0.0314651
0.0320082
0.0301436
0.0334735
0.0622703
0.0748589
0.0453465
0.0155677
0.0191937
0.0279956
0.0320925
0.0499359
0.0828321
0.0707646
0.0286735
-0.00045608
0.00911473
0.0191811
0.0302559
0.0608321
0.0873765
0.0552513
0.0207835
-0.01626
-0.00833765
-0.0004887
0.0196814
0.0667874
0.0742184
0.0432775
0.0176294
-0.0250653
-0.0124659
-0.0124729
0.00776711
0.0569797
0.0465793
0.0359031
0.0109742
-0.0268492
-0.00902719
-0.00111368
0.00693556
0.0313584
0.0285923
0.0201197
0.00320983
-0.0232403
-0.00201868
0.0213433
0.0099788
0.0184364
0.0173726
0.0170194
0.00321278
-0.0110258
0.0185846
0.0354554
-0.00205735
-0.00113088
0.00987726
0.0150614
0.00752461
0.000487187
0.0275244
0.028248
-0.00155935
-0.0132046
0.00319877
0.0159294
0.0103752
0.0257819
0.0331777
0.023263
0.00486446
-0.0176223
0.00354509
0.0190284
0.0132417
0.0359845
0.0322628
0.0261749
0.00698847
-0.014967
0.00215862
0.0146925
0.0121385
0.0349858
0.0307733
0.0274749
0.0104276
-0.00713096
-0.000159789
0.0105382
0.01032
0.0286569
0.033498
0.033216
0.022257
0.00031063
-0.000996718
0.00905072
0.00628539
-0.0114243
-0.0233251
-0.0355673
-0.0607756
-0.0837095
-0.052894
-0.0409569
-0.0205228
-0.0122181
-0.0246731
-0.0402454
-0.0500502
-0.0648693
-0.056176
-0.0603191
-0.0344429
-0.0249541
-0.0342584
-0.0581175
-0.0627583
-0.110823
-0.0986648
-0.101319
-0.0786208
-0.0332142
-0.0705302
-0.087568
-0.0963962
-0.175061
-0.157107
-0.149696
-0.0975272
-0.0500277
-0.0740548
-0.0601149
-0.147208
-0.167806
-0.126124
-0.143807
-0.097791
-0.0908662
-0.081432
-0.142959
-0.183291
-0.114021
-0.133728
-0.148881
-0.0926562
-0.167905
-0.137806
-0.191997
-0.168147
-0.0971273
-0.143925
-0.124951
-0.0899184
-0.212803
-0.151907
-0.144167
-0.136577
-0.150481
-0.142895
-0.0861443
-0.0832674
-0.259318
-0.142926
-0.115307
-0.109069
-0.152072
-0.130388
-0.0838987
-0.0872267
-0.245563
-0.0786966
-0.0750847
-0.0816186
-0.142563
-0.139151
-0.0753338
-0.0894878
-0.211915
-0.0693798
-0.0720447
-0.106566
-0.116484
-0.115191
-0.0709989
-0.0734436
-0.183376
-0.0982131
-0.0673722
-0.10524
-0.0695666
-0.0751381
-0.0642993
-0.0783347
-0.139887
-0.132136
-0.123384
-0.14666
-0.109118
-0.093929
-0.0728539
-0.0696662
-0.0696308
-0.0857245
-0.10522
-0.130455
-0.110953
-0.0867271
-0.065435
-0.0399146
-0.0269843
-0.03415
-0.0495195
-0.0774661
-0.0636265
-0.0286321
-0.0269476
-0.0143289
-0.0178812
-0.0368923
-0.0600694
-0.0728178
-0.0629343
-0.0243048
-0.0168411
-0.00711975
-0.00550915
-0.00344613
0.0596206
-0.0115506
0.0121613
-0.00828231
-0.00242475
0.0194176
0.0388752
-0.0033727
0.0184372
0.00420317
0.03035
-0.0242523
0.0150482
0.0185883
-0.00873447
0.0694751
-0.00990449
0.0189055
0.0106177
-0.009334
0.0187773
-0.00336688
-0.0028321
0.000801681
0.101849
0.0196959
-0.00165968
-0.00669209
-0.00345509
-0.0046136
-0.00261252
-0.00215127
-0.00384495
-0.00255275
-0.00132672
-0.0107163
0.016941
-0.0225876
0.0195079
-0.00393263
-0.0101493
0.0129578
-0.00371312
-0.00358473
-0.00485592
-0.00319649
-0.00122754
-0.00308136
-0.0012192
-0.00818867
0.0546729
-0.00175407
0.0112269
-0.00709557
0.0727
-0.00294229
-0.00260452
-0.00254925
0.0586087
-0.00168502
-0.00130346
0.0112053
-0.00390625
0.0182813
-0.00221992
-0.00443342
-0.00557467
-0.00418851
-0.00583954
-0.00537835
-0.0104752
-0.00515561
-0.00123075
-0.00214877
-0.00183941
-0.0147509
0.0137147
-0.00976899
-0.00665341
-0.00790136
0.0874617
-0.0188281
-0.0156931
-0.0118229
0.0119802
-0.0148602
-0.00406146
-0.022931
-0.0155058
-0.0670907
-0.0143292
-0.0206588
-0.0292918
-0.0191428
-0.0257817
-0.00923807
-0.0217615
-0.0202739
-0.00587432
-0.0125642
-0.00650027
-0.0315763
-0.00245379
-0.0025646
0.0184046
0.0127774
0.0144205
0.0111338
0.00944268
0.00991064
0.0131868
0.0131249
0.0374566
0.102349
0.0277797
0.0366641
-0.00170034
0.01324
-0.00993392
0.0170546
0.00706141
0.0609237
0.00263535
0.0394519
-0.0011955
-0.00318669
-0.00139363
-0.000472486
0.0115268
-0.0036376
-0.00312928
-0.0177405
-0.0056632
0.0142752
-0.00656344
-0.00415768
0.0273732
-0.0038995
-0.00175559
-0.0156757
0.00498432
-0.0405846
-0.00278351
-0.005666
-0.00880891
-0.00706339
0.00384544
0.00767893
0.0108299
-0.00627841
-0.00191413
-0.00488134
-0.00512219
-0.0131852
-0.00325341
-0.00248806
-0.00257805
0.00568682
-0.00161502
-0.00554588
0.0179617
-0.00162148
0.0123499
-0.00281555
-0.00142171
-0.00571016
-0.00314885
0.220048
0.0152244
-0.00237139
-0.00787544
-0.00387281
-0.00698225
-0.00345238
0.0117769
-0.00275768
-0.00265113
-0.00382056
-0.00249853
-0.0122295
-0.00575337
-0.00285376
0.016292
-0.00861246
-0.00180553
-0.00541969
0.0127539
-0.00167704
-0.00266774
-0.0031905
-0.000907024
-0.0137449
-0.00570892
-0.0200202
-0.0021908
0.0310944
-0.00449326
-0.00613079
0.0180186
0.00773745
-0.0053917
-0.00490301
-0.00251037
-0.00191966
-0.00261638
-0.0111083
-0.00379201
0.0127132
0.0163034
0.0171405
-0.00333091
0.0281321
0.016767
0.0160242
0.0138196
-0.00463806
0.0376282
0.0705343
0.000993155
0.0376261
0.0191819
-0.00386686
-0.0129902
0.0603789
-0.012678
0.105315
0.027985
0.0156347
-0.00361533
0.0158196
-0.0023555
0.0242659
-0.00309512
-0.00215072
-0.00429254
-0.0126102
0.00989497
-0.00294796
-0.00306074
-0.00239721
-0.00277904
-0.00195358
-0.00146106
-0.00648415
-0.00471321
-0.0137304
0.0128758
-0.00523206
-0.00640411
-0.00386743
-0.00496435
-0.00561114
-0.00571637
-0.00295717
-0.00212761
-0.00210714
-0.00225803
-0.0107573
0.0194455
-0.00101356
0.0293528
-0.00599999
0.0161728
-0.00234126
-0.00113888
-0.00147715
-0.00145179
-0.000959306
-0.00115971
-0.00486734
-0.0017536
-0.0125461
0.0146091
-0.00261425
-0.00432649
0.0171756
-0.00228751
-0.00210866
-0.00595549
-0.00281936
-0.00154346
-0.00146185
-0.00181953
-0.00875057
0.0701267
0.0618046
0.0054546
-0.0352167
-0.00140241
-0.0215496
0.00961777
-0.00739278
0.0202344
-0.00669774
-0.00679065
0.00382026
-0.0145777
-0.051845
0.0124229
0.00546507
-0.0205322
-0.0292404
0.000140901
-0.0115013
0.0219252
-0.0236738
0.0080846
-0.00635641
0.0129846
-0.0143653
-0.0091839
-0.00579494
-0.00486081
-0.0145282
0.0256384
-0.00729702
-0.00489412
-0.00317193
-0.00749391
-0.00295963
-0.00333621
-0.0230421
0.00809575
-0.0338611
0.0778537
-0.0042994
-0.00857072
0.023334
-0.0154837
-0.00380161
0.0131345
-0.00642821
-0.00224084
-0.00405117
0.00852245
-0.0134713
0.0500884
-0.0133582
-0.0147232
-0.109607
0.0545558
-0.0230004
-0.0192521
-0.0272273
0.209558
-0.0119734
-0.00131725
-0.0640923
-0.0399671
-0.156704
0.0706451
-0.0325047
-0.0741086
-0.0270656
-0.0299622
-0.0274367
-0.0100975
-0.0406247
-0.0117254
-0.0196251
-0.0125636
-0.0866864
-0.00229531
0.0150626
0.0572187
0.0119037
0.0154557
0.0220736
0.0152139
0.0165179
0.042251
-0.0018733
-0.000872976
0.0255287
-0.00386012
0.00654952
0.0139951
0.0195179
-0.00586644
0.0729947
-0.00685637
-0.00279562
-0.00367805
-0.00484917
0.02
-0.0029764
-0.0024446
-0.0124484
0.00796057
-0.00394956
-0.00657012
-0.0142466
-0.00401539
-0.00393744
-0.00297162
-0.00253125
-0.00801128
-0.00452365
-0.00156375
-0.0122284
0.0856997
-0.0338145
0.0147134
0.00989397
-0.0136695
-0.0105965
-0.00969832
-0.00593991
-0.0102029
-0.00755413
-0.00236573
0.0159238
-0.00301762
-0.0134189
-0.0134676
-0.0071207
-0.00837082
-0.0285027
0.00617651
-0.0132231
-0.00601018
-0.00630555
-0.00807672
-0.0043871
-0.00338778
-0.01736
-0.0102449
-0.0559833
-0.0043886
-0.00898959
-0.022449
-0.0110201
0.00163984
-0.0055929
-0.0203662
-0.0129106
-0.00673747
-0.00910627
-0.00462932
-0.0214778
0.039206
0.0140189
-0.00693464
-0.017341
0.0870895
-0.0125183
0.011621
-0.00391565
-0.00792099
-0.00401552
-0.00196652
-0.0315269
-0.0108024
-0.0313054
0.0602466
0.0339723
-0.00887223
0.012078
-0.0162217
0.00956825
0.00481144
-0.00945751
-0.00315082
-0.00508196
-0.00667944
-0.023773
-0.012104
-0.00437041
-0.00532132
-0.0178047
0.0368568
-0.00552734
-0.00357601
-0.0066022
0.0319603
-0.00570389
-0.00377452
-0.0215581
-0.0109034
0.00880849
-0.0044353
-0.00728094
-0.012302
-0.00801447
0.00658071
-0.00488707
0.0257719
-0.00981631
-0.0045478
-0.00596661
-0.00360796
-0.0284539
0.0820472
-0.00274536
0.0324571
-0.0183918
0.0274483
-0.00861118
-0.00307799
0.0105591
0.0198496
-0.00316579
-0.00214379
-0.0121105
-0.00659117
0.0254186
-0.00234314
-0.00424813
-0.00560626
0.00625026
0.0226602
0.00305874
-0.0123026
-0.00812802
-0.0028695
-0.00365176
-0.00154849
-0.0179489
-0.0079324
0.0109379
-0.0072856
-0.00543846
-0.00791148
0.00350352
-0.00662548
-0.00542298
-0.00707098
0.00161531
-0.00736528
-0.0299768
-0.0131024
-0.0371424
0.0692553
-0.0129025
0.0348433
-0.0142405
-0.0130061
-0.00756432
-0.0206131
0.000468796
-0.00708584
-0.00999775
-0.00423867
-0.0222603
-0.00772744
-0.00450721
-0.00374663
-0.0210811
0.0184777
-0.00516121
-0.00466098
-0.00298041
0.00895218
-0.00605802
-0.00370318
-0.0163814
-0.0103054
-0.0343255
0.0162869
-0.00664109
-0.00761585
-0.00572695
-0.0106246
-0.00367821
0.000671691
0.0147176
-0.00414436
-0.0029081
-0.00455935
-0.0164909
-0.00335727
-0.00241786
-0.00157845
-0.010739
-0.00243485
-0.00370813
-0.00249702
-0.00168214
-0.00311902
-0.00131036
-0.00113708
-0.00449904
-0.00452623
0.0118985
0.0324085
-0.00413891
-0.00304055
-0.00597072
-0.00383718
-0.00161831
-0.00399218
-0.00212573
-0.00151762
-0.00122932
-0.00193093
-0.00665508
0.015028
-0.00284371
-0.00179095
-0.00809501
0.036542
-0.00343487
-0.00201314
-0.0031403
-0.00501056
-0.00326088
-0.00164411
-0.00846703
-0.00549409
-0.0264006
-0.00166784
-0.00521832
-0.00427444
-0.00465709
-0.00600597
-0.00232717
-0.00952154
-0.00286305
-0.00134576
-0.0028034
-0.00334058
-0.00585362
-0.00480795
-0.00247443
-0.00163468
-0.00671777
-0.00175039
-0.00312181
-0.00200639
0.0150869
-0.00278064
-0.00271693
-0.00160827
0.0979276
-0.00319901
-0.0130437
-0.00176072
-0.00237476
-0.00421003
-0.00297192
-0.00604027
0.0126522
-0.00520419
-0.00222271
-0.00174397
-0.00189726
-0.0018762
-0.00823234
-0.0100379
-0.00669573
-0.0126808
-0.0494272
-0.00823023
-0.0216343
-0.00564689
-0.00982692
0.0498126
-0.00919329
-0.0075112
-0.0487865
-0.0176701
-0.0726166
-0.00755728
-0.0122278
-0.031666
-0.0187214
-0.0286756
-0.0176339
0.00270874
-0.0122049
-0.00883002
-0.00613644
-0.00544136
0.0333755
