-0.381592
-0.4622
0.369483
0.297076
0.379769
-0.2601
0.128966
-0.243618
-0.256138
0.371991
0.349051
0.216922
0.19486
0.178552
0.341563
0.0899194
-0.440146
-0.0212989
-0.0688545
0.208359
0.184469
0.143869
-0.0813361
0.240746
-0.32671
0.00477068
0.159903
0.274888
0.324852
0.235998
0.12912
-0.127485
-0.594205
0.285247
0.108062
0.232121
0.382189
-0.0295061
0.113062
0.0278666
-0.504845
0.213292
0.305084
0.161897
0.137726
0.105983
0.0393234
-0.0313935
-0.299044
-0.178032
0.226882
0.17344
0.0420719
0.0719465
0.202039
0.0929415
0.370724
-0.301645
-0.0390753
-0.052197
0.208493
0.473291
0.468863
0.277221
0.815287
-0.197061
-0.201536
0.40699
0.550244
0.561051
0.775542
-0.0268575
0.795618
0.0657039
0.0615027
-0.0144761
0.422723
0.695855
0.48443
0.38554
0.266213
0.135465
-0.164487
-0.24936
0.220591
0.218804
0.301587
0.790805
0.0840863
-0.0245093
-0.192955
-0.312156
-0.0156591
-0.0839165
0.139877
0.678024
-0.0375997
-0.245887
-0.0887488
-0.49355
-0.121251
-0.318981
0.269436
0.588357
0.465831
-0.120273
0.0727838
-0.551679
-0.262028
-0.482511
0.154531
0.469206
0.228135
-0.329595
-0.0131
-0.280929
-0.793344
-0.134134
-0.672891
-0.0450067
-0.230422
0.213226
-0.392363
-0.623464
-0.723367
-0.481955
0.00962651
0.328926
0.28348
0.138473
-0.363066
-0.556123
-0.618296
-1.04218
-0.776937
-0.67259
-0.133129
-0.13363
-0.547196
-0.101049
-0.480669
-0.454549
-0.440575
-0.424526
-0.0489774
-0.211532
-0.295033
-0.338683
-0.182154
-0.180519
-0.745386
-0.184689
0.0622526
-0.193087
-0.374478
-0.337975
-0.471575
-0.110485
-0.14614
-0.2746
-0.0652664
-0.172819
-0.257901
-0.1151
-0.145704
-0.808653
-0.509399
-0.295587
0.165437
-0.300817
-0.372463
-0.309417
-0.505662
0.105537
-0.444954
-0.793025
-0.307127
-0.0428658
0.0503499
-0.107203
0.00120188
-0.116152
-0.236222
-1.2403
-0.169221
-0.090691
0.113026
0.0676148
-0.188807
-0.0385508
-0.225483
-0.335966
-0.295846
-0.123669
-0.0199659
0.313582
-0.0428226
0.0218818
0.0604524
0.663698
-0.348861
0.160812
0.135348
0.142369
0.233707
-0.00169213
0.12137
1.01084
-0.111881
0.353078
0.347356
0.139976
-0.258137
0.0355352
0.526507
0.947889
-0.192485
0.378554
0.384207
0.398621
0.199935
0.489957
0.754407
0.834639
0.124848
0.347695
0.399459
0.703244
0.208036
0.414226
0.451727
0.546755
0.325591
0.49601
0.755991
0.294364
0.477525
0.410226
0.534758
0.414425
0.591229
0.411041
0.650861
0.441066
0.698243
0.313611
0.337669
0.0931803
0.532187
0.849898
0.702553
0.859911
0.707765
0.352895
0.180965
-0.421483
-0.449688
-0.19528
-0.501717
0.110576
0.404453
0.0714977
0.495595
-0.348717
-0.576064
-0.0891283
0.112803
-0.029031
-0.0303808
0.30386
0.0699967
-0.186332
-0.590218
-0.638291
0.0541795
0.303089
0.0878547
0.354073
-0.0226352
-0.00564216
-0.616623
-0.212615
0.17995
0.0623105
0.352869
-0.0726285
-0.0482544
-0.165406
-0.475526
-0.386019
0.101506
0.434526
0.107109
0.12702
-0.245762
0.252547
-0.601285
-0.100154
-0.0728121
0.3006
0.0187569
-0.0408241
-0.242637
0.207558
-0.00813187
-0.375903
-0.0741131
-0.224767
-0.555051
-0.362997
-0.441847
-0.608924
1.07049
-0.137201
-0.840556
-1.37527
-0.277917
-0.585813
0.000209706
-1.40568
1.62177
0.129008
-1.63175
-1.35838
-1.51402
-1.03812
-0.632712
-0.293318
2.20572
0.945091
0.009156
-0.798486
-0.7893
-0.496167
0.0130162
-0.258139
0.745399
0.12864
0.11762
0.160817
0.153312
-0.170049
-0.0280443
0.181397
0.0183346
-0.255673
0.286716
0.239624
0.223872
-0.0419363
-0.215899
-0.279783
-0.349555
0.0358867
0.386638
0.251097
0.111253
0.431408
-0.212684
-0.195372
-0.379911
0.0870188
0.00714316
0.521603
0.270879
0.243276
-0.0541137
0.049429
-0.214486
0.185672
0.148123
0.423849
0.440994
0.266382
0.24232
-0.372539
-0.301801
-0.246142
0.167963
0.385109
0.618243
0.889702
0.768886
-0.307516
-0.461031
-0.211402
-0.682035
-0.629367
-0.412143
-0.331791
-0.509853
-0.320759
-0.249789
-0.339756
-0.166102
-0.22924
-0.525179
-0.0632001
-0.58956
-0.172817
0.196846
-0.172923
0.175746
-0.0297025
-0.0379885
-0.441837
-0.356645
-0.505256
-0.640335
-0.328804
-0.472958
-0.106681
-0.19409
-0.222386
-0.292328
-0.452627
-0.403613
-0.519586
-0.50052
-0.402294
-0.206315
-0.0570144
-0.286281
-0.356934
-0.855161
-0.185805
-0.187742
-0.139654
-0.264429
0.171654
0.169171
0.0928113
-0.916132
-0.406206
-0.329564
-0.0231757
0.169097
-0.0235043
0.514932
0.246269
-0.915107
-0.298134
-0.473385
-0.0634926
0.191454
0.289537
-0.0179956
0.343966
-0.296902
-0.0777349
0.233074
0.061725
0.137688
0.416574
-0.137769
0.504202
-0.0351896
0.0888693
0.153952
0.0323364
0.296832
0.185601
0.400355
0.284983
0.336715
0.0688522
-0.0684761
0.0664418
0.632314
0.298863
0.476334
0.177677
0.511581
0.447808
0.303479
0.213587
0.448646
0.72841
0.47241
0.0560555
0.490053
0.570775
0.269899
0.369627
0.286631
0.296355
0.456028
0.618326
0.530447
0.486991
0.517932
0.186941
0.340142
0.689436
0.390108
0.483473
0.265451
0.483508
0.449223
0.399049
0.408714
0.267979
0.505686
0.519701
0.388444
0.447261
0.833267
0.842945
0.505893
-0.0946605
0.289779
0.706145
-0.563924
-0.286202
-0.0682817
0.207418
-0.170189
0.0513198
0.569259
0.215056
-0.362619
-0.0836932
-0.176443
0.409494
0.22889
-0.0167059
-0.0610286
0.00837374
-0.25286
0.151074
-0.0436826
0.104374
0.250321
0.0326447
0.333004
0.0690239
-0.307161
0.146161
0.346808
0.180759
0.185361
0.297496
-0.072788
0.213234
-0.316256
0.375212
0.0763349
0.393777
0.317574
0.18939
0.140306
0.551677
0.337949
0.357312
0.39213
0.114828
0.117938
0.144258
0.206695
0.300811
0.473397
0.598661
0.323955
0.328641
0.184638
0.117533
0.00782573
0.514917
0.99821
0.597509
0.354493
-0.0628403
0.193868
0.257114
0.292047
-0.41776
1.17189
0.774202
0.364707
0.0218684
0.00217571
-0.176095
-0.481219
-0.795157
0.808469
0.463723
0.282904
-0.267299
-0.468363
-0.651795
-0.554151
-0.368949
0.404653
0.206328
0.192177
-0.048663
0.0417276
-0.224092
-0.160319
-0.0693296
-0.405981
-0.196086
0.0736305
0.295359
0.0212702
-0.00745785
-0.163826
-0.244862
-0.354036
-0.00666245
-0.0403158
0.146542
0.215321
0.107876
-0.153483
-0.0312199
-0.535887
-0.0571871
-0.0914937
0.155469
0.510005
0.0976867
0.076729
-0.029251
-0.213686
0.175379
0.216173
0.242234
-0.163156
0.386969
0.115788
-0.180183
-0.385132
-0.427873
-0.164259
0.292428
0.419081
0.270395
0.278626
0.800277
-0.375898
0.199605
0.40069
0.525901
1.18475
1.10254
0.908619
0.712603
0.154905
0.0324086
0.490092
0.156705
0.554304
0.752138
0.866721
1.08124
0.20118
-0.0264173
0.209778
0.4212
0.416472
0.437925
0.880716
0.435789
0.0753285
0.0470427
0.0457446
0.516747
0.292685
0.377256
0.622741
0.596983
-0.402546
-0.140977
0.106422
0.26346
0.078895
-0.166508
0.138306
0.187297
0.186844
0.266763
0.012008
-0.300946
-0.333729
-1.09265
-0.527952
0.188167
0.0229537
0.0968582
0.115848
-0.0991787
-0.294524
-0.573325
-0.638598
-0.282232
-0.0582482
0.382793
0.362551
0.599006
0.149345
0.122821
-0.447936
-0.462153
0.672987
0.558743
0.4128
0.193589
0.283972
0.0916596
-0.0938258
-0.570382
0.172257
0.506569
0.0711406
0.408187
0.281188
0.0750262
-0.609421
-0.998197
-0.331307
0.290729
0.408177
0.0494504
0.261504
0.159443
-0.371649
-0.903426
-0.107043
-0.08908
0.115512
0.274389
-0.133518
-0.133236
-0.38263
-0.557359
-0.946472
-0.228697
-0.539144
-0.0919807
0.208952
-0.289528
-0.728703
-0.527527
-0.276929
-0.905897
-0.467132
0.0863039
-0.0308108
-0.534905
-0.483265
-0.582743
-0.547929
-0.269343
-0.680351
-0.264019
-0.360492
-0.0810358
-0.1817
-0.652674
-1.08352
-1.04251
-0.44834
-0.679362
-0.491096
-0.602798
-0.35978
-0.504403
-0.385062
-0.111991
0.267534
0.304214
0.535575
0.330419
0.26473
0.317334
0.238875
0.405806
0.438803
0.326672
0.210856
0.0939209
0.200441
0.573834
-0.020823
0.296051
0.42272
0.323074
0.306675
0.233234
0.166001
0.0916949
0.502093
0.252384
0.466609
0.611488
0.164878
0.172827
0.147622
0.0488019
0.255025
0.407617
0.435959
0.366589
0.574615
0.553201
0.0263966
0.078698
-0.171284
0.191967
0.403156
0.204075
0.344158
0.446209
0.474089
0.185935
-0.0443922
0.165609
-0.171755
-0.0168952
0.0894708
0.25195
0.500483
0.342891
-0.919046
-0.228763
-0.365901
0.0103419
-0.0862448
-0.0351087
0.201545
0.102625
-0.46225
-0.841251
0.282594
-0.589325
0.0685224
0.396704
0.327431
0.33239
-0.256159
-0.656777
-0.272716
0.226599
0.12215
0.446712
0.385418
0.524411
0.186512
-0.307125
-0.297021
-0.43756
0.12787
-0.0488297
0.394672
0.432472
0.110447
0.00285669
-0.32457
0.0404391
-0.304319
0.16762
0.221992
0.374478
0.0472616
0.0552727
0.0302115
0.108856
0.0356873
-0.0903963
-0.178009
0.242679
0.0690886
-0.0137537
-0.0295305
0.0890381
0.0942101
-0.214626
0.210865
0.252411
-0.0771537
0.241944
-0.004893
0.17961
0.0984111
-0.284269
-0.196804
-0.0248624
0.00567249
0.0370842
0.130853
0.525695
0.251871
-0.213371
-0.100412
-0.0436766
0.0213496
0.238467
-0.19743
-0.0011815
-0.210741
-0.610108
-0.33098
0.376807
-0.0890393
-0.118368
0.0989169
-0.107459
-0.375206
0.102657
-0.614959
-0.386951
-0.0913926
0.16491
-0.502677
0.00739546
-0.624433
-0.290009
-0.241289
-0.0543396
0.240197
-0.596605
-0.390168
-0.495142
-0.464961
-0.123271
-0.536051
0.0461797
0.309004
-0.197032
-0.399961
-0.715945
-0.71758
-0.763121
-0.725096
-0.360464
-0.332314
-0.183669
-0.163697
-0.468891
-0.357225
-0.466584
-0.433134
-0.703639
-0.215351
-0.047807
-0.0904255
-0.00764234
-0.513122
-0.54811
-0.256849
-0.475298
0.486746
-0.0452657
0.0840906
-0.0215667
0.135977
-0.155347
0.232446
-0.0798731
-0.113016
0.0983531
0.119097
0.359748
-0.0155896
-0.158727
0.517405
0.0879675
-0.164123
0.256854
0.520214
0.053355
0.164077
-0.164455
0.177924
0.249217
-0.220228
0.323822
0.553084
0.10769
0.289771
0.304844
0.645849
0.450786
0.100137
0.706478
0.485085
0.4194
0.317063
0.207872
0.514882
0.689494
0.0469477
0.504282
0.531914
0.248296
0.155246
0.061358
0.646722
0.681703
0.711521
0.582961
0.59216
0.355207
-0.356894
0.240906
0.528857
0.685598
0.563615
0.228126
0.422647
0.208593
-0.850266
0.317589
0.633057
0.584625
0.274781
0.821599
0.519601
-0.952834
-1.62174
1.16139
0.743182
0.814109
0.470755
1.0528
1.12848
0.478785
0.409165
0.623272
0.497897
0.343926
0.179952
-0.0889642
0.230677
0.20004
0.415375
0.15838
0.172196
-0.205386
-0.232252
-0.169255
-0.480787
-0.395232
0.138182
-0.113812
-0.311824
-0.299578
-0.617567
-0.821443
-1.03467
-1.0617
-0.933073
-1.01688
-0.821217
-0.396092
-0.549971
-1.07282
-0.907134
-0.507414
-0.566968
-0.384365
-0.236645
0.177296
-1.66301
-1.41212
-0.212385
0.225858
-0.0341584
-0.496723
-0.342005
-0.44792
-0.310571
-0.0935678
-0.132326
-0.251285
-0.117781
-0.129824
-1.00244
-0.961875
0.00823373
0.119558
-0.219119
0.0226757
0.137082
-0.239904
-0.336898
-0.836779
-0.356703
-0.595531
0.0636367
0.150463
0.00772838
-0.295058
-0.227115
0.151602
-0.486567
-0.206826
-0.127661
-0.0983626
0.346934
0.200302
-0.167925
-0.25177
0.0862251
0.102592
0.255482
0.374651
0.236485
-0.0473716
-0.452458
-0.231944
0.0581595
0.390994
0.119415
0.340689
0.317158
0.0963098
-0.154551
0.000264327
0.237581
0.242859
0.358481
0.730803
0.442799
0.182822
0.608269
-0.0597655
0.0623513
0.341788
0.385647
0.379101
0.459562
0.345838
-0.0909777
0.234117
-0.0158439
-0.0419575
0.119999
0.384596
0.58626
0.536619
0.209606
0.503035
0.459977
-0.0244794
0.254805
0.0930769
0.668948
0.109586
0.308841
0.601828
0.0209481
-0.0750681
0.15789
0.228197
-0.186341
-0.117191
-0.123253
0.171866
-0.0966558
-0.298401
-0.19907
-0.505264
-0.303072
-0.304341
-0.413546
-0.145424
-0.524339
-0.601786
-0.47154
-0.563158
-0.350486
-0.662011
-0.504936
-0.249628
-0.288161
-0.274106
-0.303236
-0.17537
-0.464474
-0.0151991
0.32589
-0.0986517
-0.291748
-0.219554
-0.273429
0.183185
0.0396884
0.249272
-0.129811
-0.475111
-0.261854
-0.23335
-0.22715
-0.0713665
0.0709739
-0.185236
-0.165329
-0.0592807
-0.543708
-0.489335
-0.265387
0.281256
0.122262
0.0726323
-0.158221
0.0845187
-0.631377
-0.484636
-0.528386
-0.188968
0.121988
0.0981884
0.0409445
-0.0169218
-0.493794
-0.521963
-0.761001
-0.164283
0.0966357
0.147893
0.232525
0.0483042
-0.584886
-0.528303
-0.597521
-0.0427661
0.0235322
0.0589056
0.265631
0.298167
-0.0482052
-0.114533
-0.294637
-0.324171
-0.0779556
0.0749634
-0.0297371
0.281928
0.376568
-0.0632566
-0.235727
-0.278981
-0.0512469
0.285835
0.257997
0.571564
-0.0153183
0.131379
0.241103
-0.367155
0.0686182
0.337899
0.417727
0.343741
0.241855
0.148292
0.105603
-0.0405656
-0.150034
-0.0646022
0.239263
0.326181
0.126271
0.219509
0.466462
0.775332
0.86926
0.326455
0.526773
0.341932
0.0589322
0.0648039
0.713401
0.982911
0.895246
0.548985
0.384195
-0.0274847
0.145984
0.157087
0.071138
-0.139774
-0.523699
-0.77858
-0.608453
-1.08043
-0.260777
-0.136067
-0.257549
-0.260203
-0.146681
-0.812146
-0.54456
-0.418076
0.406468
-0.233046
-0.273777
-0.221648
-0.716512
-0.467978
-0.0786882
-0.432219
0.0503433
-0.162639
-0.109208
-0.498923
-0.214645
0.0348158
-0.350725
-0.736012
0.435503
-0.118102
-0.617234
-0.237234
0.0371536
-0.169971
-0.368093
-0.945204
-0.000582973
0.0387344
-0.0706611
-0.137595
-0.359669
-0.0650445
-0.176919
-0.185346
0.050953
0.12194
0.360363
0.137555
0.0102651
0.0780828
0.0598531
-0.267414
0.19937
0.309205
0.295466
0.132286
-0.31276
-0.179794
0.0376462
-0.22651
-0.0433345
0.392585
0.733798
0.099592
0.133318
-0.0364182
-0.0978885
-0.745738
0.127136
0.662569
0.533753
0.297672
0.111124
-0.0392182
-0.114636
-0.805808
0.333164
0.359958
0.403856
0.388644
0.15064
0.297857
-0.152169
-0.523311
-0.209571
0.659042
0.565099
0.375787
0.458775
0.123237
-0.0531292
-0.38912
0.738465
0.150298
0.385387
0.381037
0.116366
0.0682439
0.148099
0.172506
0.239218
0.626754
0.207265
0.161752
0.542422
0.378476
-0.00440026
0.258453
1.20238
0.0565777
0.107874
0.462965
0.205504
0.180206
0.427659
0.410835
0.454333
0.906286
0.255385
-0.367311
-0.546834
0.267482
-0.104356
0.289546
1.00163
0.275232
0.674822
-0.116779
-0.103191
0.0145778
-0.565307
-0.107448
0.142182
0.0593022
-0.125421
0.24563
0.260284
0.0999294
0.194361
-0.189674
0.185341
-0.06705
0.35174
0.162
0.302672
-0.161764
-0.160896
-0.314325
-0.0240214
-0.0673699
0.068762
0.527843
0.216965
-0.155952
-0.150201
-0.498112
0.0346006
-0.0675194
-0.00246497
0.0918108
0.036902
-0.223402
0.0952095
-1.1128
0.147811
-0.0496408
-0.00193989
0.482998
0.348241
-0.150319
-0.122319
-1.4088
-0.831685
-0.252453
-0.0311075
0.0263615
0.274998
-0.12463
-0.87256
-1.14461
-0.164268
0.0403311
-0.32272
0.0716977
0.282886
-0.863037
-0.946484
-0.604057
-0.0950392
-0.166694
-0.194757
0.292407
0.0454594
-0.761111
-0.779601
-0.777477
-0.0843449
-0.361279
-0.259807
0.0343503
0.0255833
-0.234276
-0.979442
0.00664188
-0.256986
-0.71514
-0.406854
0.197372
0.151937
-0.499152
-0.575347
-0.0908843
0.451111
0.171031
0.216643
0.303848
-0.058291
-0.230558
-0.642655
-0.124385
0.472921
0.238923
0.276167
0.507486
0.400893
0.0680214
0.0255914
-0.754876
0.209486
0.0691478
-0.234162
0.286314
0.317948
-0.214918
-0.168136
-0.239099
0.477559
-0.14393
0.527754
0.1606
0.184599
0.445398
-0.0946403
-0.0791076
0.222169
0.569366
0.187457
0.0278824
0.706063
0.335463
0.484196
-0.0221297
-0.191082
-0.234537
-0.114358
-0.134778
-0.351334
-0.285845
-0.315865
-0.195575
-0.102816
-0.263949
-0.260504
-0.157149
-0.343019
-0.51002
-0.367815
-0.218353
-0.215225
0.315053
0.0494412
-0.233165
-0.228597
-0.341126
-0.220699
0.12869
0.121043
-0.122442
0.0451256
-0.227062
-0.180469
-0.158809
0.356444
0.1698
0.265988
0.374399
0.229818
-0.197759
-0.0546028
0.092601
0.186692
0.0936171
0.268162
0.382051
0.24731
-0.00174586
0.307854
0.0863262
0.676079
0.118037
0.729742
0.357769
0.384563
0.143338
0.201549
0.603272
0.464248
0.528224
0.196588
0.250231
0.788741
0.387105
0.517575
0.566821
0.79387
0.753654
0.0883889
0.255415
-0.158882
0.643254
0.603659
0.178114
0.425339
0.416153
0.402934
-0.203156
-0.715966
-0.0822138
0.229783
-0.536524
-0.580205
0.309153
0.2892
-0.530417
-0.913053
-0.20924
-0.246233
-0.7044
-0.314679
0.0831038
0.452608
-0.684954
-1.09517
-0.376259
-0.466155
-0.604408
-0.661647
0.150477
0.0111761
-0.300794
-1.00434
-0.74531
-0.503002
-0.234043
-0.373385
-0.048436
0.031239
-0.311199
-0.805547
-0.545244
-0.330614
-0.160846
-0.279921
0.0661829
-0.0471156
-0.345842
-0.434458
-0.444558
-0.0857691
-0.336313
-0.1982
-0.402554
-0.00803952
-0.249118
-0.27341
-0.304962
-0.314786
-0.0498081
-0.211926
-0.221748
0.213775
-0.182918
-0.126432
-0.11238
-0.170638
0.142251
-0.857934
-0.438023
-0.158228
0.264843
-0.00157479
-0.13751
0.0710006
-0.045693
-0.209146
0.185349
0.395704
-0.324884
0.242714
-0.0423675
0.239543
-0.0833331
-0.396541
-0.0756304
-0.0746864
0.332563
0.0238811
0.0608827
0.11189
0.0322747
-0.276527
0.407551
0.106598
0.09113
0.0335598
0.103547
0.182959
0.0594089
-0.0060891
0.376403
0.507838
0.193456
-0.00806762
0.0108122
-0.0104757
0.322152
0.0812257
0.316458
0.551511
0.202772
0.231782
-0.183831
-0.0520571
0.0728823
0.193016
0.555007
0.454033
0.641756
0.208321
-0.00774576
-0.71483
-0.0830686
0.672261
0.876181
0.298885
0.783067
0.408052
-0.0945543
-0.646347
-0.144654
0.660815
0.270727
0.381794
0.327355
0.165678
-0.0889047
-0.974428
0.210369
0.361065
0.61154
0.291248
0.240997
-0.000372959
-0.545766
-0.958362
-0.0573629
0.152428
0.805061
0.382268
-0.214978
-0.274578
-1.0422
-1.16141
0.0625842
-0.0549345
0.552406
0.205387
-0.296077
-0.0540886
-1.24261
-0.68629
-0.357076
0.184503
0.294257
0.347657
-0.207447
-0.273925
-2.01774
-0.430487
-0.146675
-0.107952
0.494294
-0.115714
0.192377
-0.595304
-2.01891
-1.21168
-0.145032
0.169521
0.0234318
0.393423
0.185152
-0.684496
-1.58627
-1.10624
-0.628193
0.14429
0.238683
0.108764
0.0243095
-0.357402
0.288269
0.169907
-0.0222398
-0.128109
-0.236999
-0.615194
0.100234
0.280111
0.150023
0.189673
-0.209514
0.0840513
-0.449598
0.0323602
-0.123532
0.0845148
0.411561
0.16709
0.127961
-0.228699
-0.148662
-0.0126823
0.393582
0.0801973
0.442435
0.296244
0.016146
0.0852323
-0.31802
-0.0478772
0.130063
0.457057
0.233061
0.323036
0.208405
0.0180422
0.153795
-0.137797
-0.0660182
0.134847
0.383625
0.37555
0.40538
0.112812
0.480239
-0.151426
0.105861
0.0468881
-0.00707002
-0.0741789
0.0204051
0.329985
0.754944
0.561308
-0.133731
-0.422399
-0.641966
-0.815334
0.0844711
0.374925
1.00481
0.650413
0.00567271
-0.348568
-1.25024
-0.728535
-0.808765
0.0380439
1.44876
0.65714
-0.0238386
-0.343391
-0.495877
-0.609496
-0.0178735
0.0984588
0.359145
0.267834
0.253001
0.0257832
0.117164
0.0271221
-0.0671817
-0.00308255
0.0196147
0.0442044
-0.126204
0.119444
0.169782
-0.0618903
0.181822
0.0309139
-0.284366
0.146966
-0.143567
0.123794
0.389297
0.00622315
0.109372
0.0673305
-0.365933
-0.344494
0.133492
0.104391
0.29609
0.439726
0.0607748
-0.0566985
-0.413599
0.0518005
0.16703
0.454375
0.235997
0.12094
0.371339
0.0321857
-0.306311
0.0252523
0.600093
0.243951
0.397333
0.691737
0.0638048
0.0781735
-0.445008
0.132434
0.443362
0.911403
1.14109
1.11714
1.2586
0.483876
-0.0837276
0.264898
0.435005
0.685524
0.604297
0.628138
0.512193
0.526237
0.293088
0.646781
0.305039
0.482505
0.674128
0.372317
0.797274
0.604212
0.295453
0.5211
0.814892
0.436362
0.745474
0.398093
0.333462
0.399607
0.657266
0.146297
0.0591766
0.455809
0.197092
-0.0195014
0.540016
0.469859
0.497165
0.0968356
0.363528
0.0864117
0.120288
0.176707
0.320683
0.597111
0.742467
-0.132941
0.0860252
0.432983
0.260678
-0.140625
0.305305
0.331811
0.663451
-0.157644
0.180493
0.474708
0.11937
0.0832496
0.0597666
0.185606
0.0548985
0.176324
0.19306
0.129703
0.0865477
-0.0226778
-0.302718
-0.230969
-0.111404
-0.286494
0.213482
-0.0667584
-0.00768633
-0.098058
-0.408403
-0.738468
-0.792806
-0.0870788
-0.0191177
0.0351071
-0.0417002
-0.247961
-0.492473
-1.03433
-0.939561
-0.350306
-0.135357
-0.170509
-0.410547
-0.438249
-0.595996
-0.773284
-0.863951
-0.229173
-0.255669
-0.499957
-0.234613
-0.190324
-0.571674
-0.404588
-0.90664
-0.555192
-0.5087
-0.256996
-0.258438
-0.293337
-0.997601
-0.378936
-0.549841
-0.113262
-0.583276
-0.315075
-0.300782
-0.63105
-0.118173
-0.767914
-0.267969
-0.384524
-0.565843
-0.531349
-0.544154
-0.463489
-0.528896
-1.20577
-0.498574
-0.0627966
-0.0987645
0.646072
0.380547
0.296001
0.365097
0.382898
0.137909
0.0592537
0.190931
0.544305
0.340773
0.613567
0.257979
0.613731
0.298507
0.218251
0.479334
0.421428
0.541328
0.41123
0.16152
0.542778
0.00582305
0.502606
0.405616
0.383057
0.389206
0.293759
0.370616
0.0753535
-0.0637054
-3.6713e-05
0.639521
0.50907
0.108289
0.541516
0.0490117
-0.0220634
-0.601615
0.220231
0.285797
-0.0613154
0.633098
0.181139
0.160133
-0.153708
-0.223285
0.070287
0.0670347
-0.0133665
0.221302
0.110846
0.0282199
-0.142013
0.0502657
-0.556266
-0.331412
-0.0208448
-0.123212
0.330615
-0.397024
-0.0902781
0.35305
-0.526944
-0.0395574
-0.226308
-0.134164
-0.359594
0.129742
0.144546
0.209319
-0.543722
-0.395392
-0.178046
0.17708
-0.091144
0.157832
0.251608
-0.000142278
-0.13842
-0.384441
-0.483596
-0.0956942
0.111502
0.117705
0.178119
-0.35492
-0.186102
-0.127853
-0.0334817
-0.234796
-0.11383
0.0226982
0.147442
-0.228535
0.0306084
-0.367254
-0.11655
-0.128241
-0.0194746
-0.144555
-0.785542
0.376601
-0.359168
-0.22093
-0.211417
-0.0823943
-0.378398
-0.0357857
-0.0570337
0.166643
-0.249767
-0.180031
-0.162335
-0.0536039
0.0926548
-0.57999
-0.24171
0.186875
-0.172364
-0.140707
-0.205369
-0.145727
-0.23447
-0.292165
-0.193775
0.016189
0.619934
0.0959764
0.0141028
0.456226
0.745554
0.474005
0.447938
0.598008
0.220354
-0.0879448
-0.300207
0.0566931
0.409685
0.35338
0.206743
-0.0868073
0.566537
0.63229
-0.0589038
0.0699719
0.317028
0.222914
0.234948
-0.130839
-0.110577
0.339731
0.686876
0.186652
0.449204
0.30096
-0.0872836
-0.0125036
0.395013
0.0702509
0.138945
0.37633
0.413323
0.34635
0.083517
0.330382
0.435361
0.463908
0.148981
0.0031583
0.00220604
0.164147
0.295744
0.114774
0.773502
0.430312
0.262437
-0.155477
-0.204402
-0.397629
-0.650993
0.434405
0.703789
0.830056
0.24145
0.0519582
-0.556607
-0.379732
-1.11299
-0.978595
0.710508
0.81103
0.583982
-0.057806
0.081584
-0.706849
-1.27401
-1.3714
0.248401
0.668574
0.477436
0.165129
-0.160992
-0.343015
-0.927119
-1.48333
0.568794
0.145432
0.314496
0.0424055
0.0274187
-0.155876
-0.922645
-1.89216
0.00734815
0.0863142
-0.168246
0.00162744
-0.0179718
-0.752578
-0.602831
-1.77815
-0.142741
-0.417852
-0.237348
-0.115399
-0.10139
-0.448399
-0.866936
-0.912022
-0.22367
-0.269083
-0.171387
-0.0856152
-0.148394
-0.301346
-1.05506
-1.0131
-0.41997
-0.238837
-0.333207
-0.32395
-0.0875636
-0.128486
-0.457691
-0.941009
-0.23461
-0.458816
-0.663964
-0.279485
-0.664918
-0.0620217
-0.415566
-1.03812
-0.538683
-0.15982
-0.00855571
0.31758
0.463185
0.34068
0.269552
0.333136
0.0315982
0.132223
-0.0141399
0.182079
0.0643577
-0.0537996
0.197877
0.53826
-0.447776
-0.0888699
0.177925
0.293047
0.103842
0.118159
-0.0124211
0.294835
0.332074
0.136861
0.190959
0.135601
0.194878
-0.0592899
0.156483
0.357292
0.15125
0.354176
0.396995
0.294125
0.010278
-0.149686
0.15782
0.332358
0.157347
0.556386
0.302747
-0.0449134
-0.219589
-0.212237
-0.938441
-1.00311
0.423977
0.331385
0.221167
-0.266992
-0.160555
-0.371559
-0.588834
-1.84068
0.107185
-0.196153
0.182489
0.23405
-0.428773
-0.0451224
-0.538631
0.0631
-1.10868
-0.57399
0.0961545
-0.272927
0.20305
0.17804
0.504195
0.925175
-1.51379
-0.745163
-0.738535
-0.421633
-0.206392
0.227283
0.794133
1.03663
-1.3713
-0.687356
-0.626723
-0.573606
0.20535
0.915753
0.692721
0.970203
0.412437
-0.269573
-0.130805
0.0542877
0.398947
0.169768
0.479446
1.06488
0.143791
0.229699
0.0604604
0.104359
0.240836
0.151719
0.246254
0.0939373
0.27058
0.313918
0.127538
0.425943
-0.36115
0.279538
0.00687955
-0.0376098
-0.159405
0.344173
0.148211
0.0951855
0.258475
-0.338537
0.0851196
0.126067
0.931276
0.0585085
0.362085
0.383335
-0.0258404
-0.345609
-0.34398
-0.435307
0.319202
-0.166171
-0.30633
-0.567669
-0.336819
0.330407
-0.0232707
0.837918
0.191074
-0.308182
-0.0391926
0.324999
0.25446
-0.0380055
0.104031
0.0554138
-0.087571
-0.273354
0.272372
0.352831
0.339483
0.100088
0.295705
-0.139521
-0.280818
0.00467808
-0.00861827
0.29317
0.428548
0.260055
0.022189
-0.362807
-0.246887
0.0744235
0.422974
0.618089
-0.13637
0.345132
0.358036
-0.266275
0.0963273
-0.131889
0.224741
0.283255
0.550563
0.231332
0.24784
-0.149653
-0.214916
0.233448
0.10383
0.205292
0.0839843
0.165086
0.48731
0.326405
0.00210853
-0.236805
0.149259
0.194723
0.202054
0.287189
0.0235145
0.284766
-0.0738516
0.283112
0.136273
0.187428
0.160765
0.326745
0.171997
-0.0174547
-0.407918
0.0316357
0.443046
-0.114232
0.250236
0.057427
-0.0909407
-0.471405
-0.615948
-0.180629
-0.266238
0.0495292
-0.104698
-0.119898
-0.182137
-0.989717
-0.80688
-0.419403
-0.0714277
0.199341
0.0350248
-0.15324
-0.236633
-0.318116
-0.585624
-0.286384
-0.241061
-0.000978844
0.0645147
0.0678476
-0.214023
0.0881238
-0.935434
-0.551951
0.0709996
0.214093
0.310513
0.147819
-0.120553
0.316539
-0.51219
-0.213793
-0.408999
0.153215
0.444105
-0.0290696
0.153814
0.543721
-0.140608
-0.970479
-0.544413
0.200489
-0.202495
0.415401
0.533436
0.606086
-0.137447
-0.337198
-0.643168
-0.982222
-0.989089
-0.357843
0.147432
-0.215859
-0.425408
-0.180069
-0.635939
-0.795639
-0.947869
-0.351168
-0.0433248
-0.387545
-0.143715
0.0504938
-0.742708
-0.82662
-0.709091
-0.269611
-0.21405
0.252605
-0.250612
-0.110753
-0.563887
-1.03287
-0.335517
-0.432852
-0.125718
0.189675
0.122513
-0.25725
-0.587805
-0.872433
-0.337916
-0.0813733
-0.272723
0.327804
0.387068
-0.439161
-0.406919
-0.730491
-0.499373
0.0227237
-0.0319446
0.945377
0.752695
-0.0608125
-0.910082
-0.578031
0.204781
0.105965
0.447102
0.485804
0.424247
0.100998
-0.573868
-0.430334
0.210535
0.336753
0.399415
0.27169
0.988732
0.331085
-0.762079
-0.0399139
0.300365
0.799916
0.356211
0.354656
0.807914
-0.0506903
-0.0191762
-0.373986
0.214372
0.512683
0.828465
0.342206
-0.123354
0.245356
0.333833
0.136622
-0.0314922
0.282847
0.608439
0.526066
0.0290149
-0.249881
0.22075
-0.153896
0.336014
0.227978
0.570864
0.228603
-0.186089
0.161248
0.371628
-0.170712
0.0474502
0.597959
0.313314
0.306164
0.11443
0.166735
-0.122325
0.418959
-0.0530221
0.274287
0.668825
-0.201082
-0.568343
0.128279
0.0352283
-0.0162845
0.283104
-0.0918458
0.318569
-0.183572
0.109131
-0.121144
-0.0603769
0.556798
0.719221
0.414883
-0.471247
-0.0812186
-0.251212
-0.139979
-0.63898
-0.6108
-0.678835
-0.19248
0.459747
0.412351
0.213898
-0.218108
-0.66868
-0.526036
-0.932464
-0.0268555
-0.13997
0.492668
-0.143731
0.197304
-0.192492
-0.922549
-0.73202
-0.314776
0.500782
0.883005
-0.204008
-0.311558
-0.140121
-1.03537
-0.492706
0.0168413
0.490284
0.55923
0.315591
0.0840761
-0.217264
-1.1406
-0.414713
-0.169026
0.186326
0.711124
0.757731
-0.108924
-0.353
-0.529341
-0.457891
0.0568658
0.157545
0.647102
0.805818
0.248733
-0.347752
-0.456526
-0.498204
-0.266506
0.472709
0.323701
0.44634
-0.0739683
-0.0474077
-0.393951
-0.674231
0.177373
0.18115
0.156523
0.0521589
-0.396885
0.0503339
0.0588085
-0.314234
-0.273979
-0.119116
0.0515405
-0.0656531
0.20544
-0.0922415
0.277532
0.0910311
-0.155858
-0.0333629
-0.354788
-0.335296
-0.240103
0.310932
0.463221
0.0482112
0.164981
0.128126
-0.245694
-0.622558
0.153383
0.209516
0.372054
0.314085
0.161796
-0.184377
-0.207604
-0.578052
-0.164786
0.199252
0.0863993
0.0279995
0.249986
0.122215
-0.455445
0.235395
-0.28575
0.0419147
0.35014
0.0318639
0.157837
0.303925
-0.448423
-0.400726
-0.225642
0.0904758
0.147087
0.353746
-0.0569186
0.0338851
0.185168
-0.681093
-0.303855
-0.240761
0.0320617
0.581104
-0.273931
-0.102244
-0.34827
-0.0811417
-0.123732
-0.155588
-0.203128
-0.200206
-0.215637
-0.173644
-0.225141
0.0440971
-0.185948
-0.179221
-0.176905
-0.166061
-0.20151
-0.193089
-0.203559
-0.111428
-0.32902
-0.331225
-0.361094
-0.324843
-0.149624
-0.341891
-0.176232
0.0250819
-0.595612
-0.269929
-0.354063
-0.374435
-0.587576
-0.397272
0.206379
-0.0445926
-0.8739
-0.315217
-0.322929
-1.11254
-0.619841
-0.442934
0.421223
0.0922154
-0.687074
-0.666569
-0.561513
-0.355967
-0.919114
-0.318318
0.968749
0.227707
-0.909623
-0.439235
-0.278922
-0.179681
-0.708741
0.122454
1.62539
0.522816
-0.401323
-0.112136
0.461126
0.366465
-0.461787
-0.301632
1.15976
0.163602
0.110803
0.429357
0.551389
0.541972
0.35838
0.0448172
0.219962
0.405592
-0.0435924
0.486785
0.73761
0.231798
0.279402
0.0249999
-0.00775282
-0.357631
0.12411
0.486561
0.45207
-0.0628483
0.194825
0.151938
-0.120018
-0.116059
0.203377
-0.175628
-0.135021
-0.231686
0.156352
0.341307
0.0770074
-0.25173
0.209593
0.0976671
-0.0598593
-0.016271
-0.249196
0.0318846
-0.480892
-0.139273
0.274392
-0.273829
-0.433713
-0.380434
-0.257448
-0.283792
-0.498784
0.130263
-0.101439
-0.291049
-0.286768
-0.247491
-0.234328
-0.218644
-0.178938
-0.149409
-0.162311
-0.188005
-0.182295
-0.181121
-0.171042
-0.165727
-0.0804043
-0.0553243
-0.155911
-0.253935
-0.324338
-0.189656
-0.223348
-0.103433
0.0323932
0.396306
-0.397723
-0.266916
-0.0836092
-0.00420644
-0.0418862
-0.0918373
-0.186887
0.290765
0.102307
-0.13875
-0.235331
0.0284403
0.216499
-0.0686232
0.206024
0.412918
0.382578
0.21398
0.136771
-0.288037
0.250839
0.42093
-0.342028
0.301957
0.318827
0.00486517
0.0423761
0.021936
0.0761414
0.693151
-0.183042
0.142216
0.440866
0.0649019
-0.0120453
0.278938
0.0170208
0.050419
-0.550737
-0.284038
0.249697
0.261387
0.460595
0.23758
0.248355
-0.14794
-0.856904
-1.28886
-0.0763437
0.776024
0.435613
0.235303
0.106969
-0.271981
-0.336386
-1.32727
-0.229621
0.241421
0.735305
0.379093
0.403972
-0.0531375
-0.594432
-0.641873
-0.05594
0.209287
0.378222
0.363539
0.280325
0.135599
-0.14932
0.378956
-0.0786723
-0.306476
-0.160157
-0.229012
-0.0353648
-0.10705
0.487231
0.266236
-0.153448
-0.292838
-0.626656
-0.0856958
0.00951774
0.168599
-0.194809
0.594416
-0.119154
-0.355053
-0.208897
-0.649936
-0.35647
-0.226421
0.0458008
-0.0574661
-0.0507946
-0.247463
-0.0267795
-0.491517
-0.0414313
-0.0597182
0.160963
-0.283318
-0.199214
-0.346202
-0.146233
-0.296653
-0.308269
-0.113142
0.407268
-0.165059
-0.0305529
-0.271274
-0.163721
-0.490766
-0.632782
-0.109201
-0.313297
0.656548
0.179164
-0.0920774
-0.244633
-0.46316
-0.0659362
0.489318
0.201424
0.647092
0.75661
0.495133
0.13584
0.253318
0.083791
0.229936
0.499404
0.389902
0.390794
0.491987
0.166626
-0.00582429
0.423765
0.357415
0.175868
0.716501
0.321496
0.289777
0.836158
0.556143
0.346502
0.0909013
0.586662
0.369264
0.442938
0.300247
0.330234
0.547241
0.726467
0.496208
0.164772
0.471799
0.0889385
0.609943
0.212897
0.468273
0.600434
0.595363
0.322268
-0.300393
-0.279373
0.0724797
0.0523228
0.479935
0.776621
0.843653
0.588157
-1.27118
-0.245517
-0.223785
0.347329
0.405164
0.129154
0.303386
0.184182
-1.61397
-0.838494
-0.365252
-0.390441
0.00271068
0.639064
-0.0895138
0.0730307
-0.804575
-1.19409
-0.205247
-0.0745756
-0.15235
-0.238433
0.439387
0.381895
0.135325
-0.117427
-0.0407059
-0.498729
-0.4331
-0.451144
0.112148
-0.0480916
0.0238437
-0.244678
-0.184645
-0.238277
-0.0324481
-0.144088
-0.270645
-0.00763969
0.197245
0.0601026
-0.393367
-0.147481
-0.317438
-0.383507
-0.0790461
-0.124105
0.0794679
-0.136472
0.109714
-0.181404
-0.194719
-0.119644
-0.205367
-0.303188
0.126356
0.0181029
-0.271274
0.0926185
0.0102559
-0.411737
-0.237006
-0.414019
0.174304
0.0606667
0.470992
0.167011
0.13176
-0.1834
0.0580437
-0.059347
-0.05992
0.136694
-0.132252
-0.112704
-0.101167
-0.601393
-1.02879
-0.521843
0.541374
0.180579
0.112741
-0.241074
-0.0939598
0.232614
-0.0984736
-0.454124
-0.179683
0.196606
0.163379
0.130567
0.24633
0.106474
0.0709975
-0.362995
0.192424
0.214678
0.0492785
-0.0752269
0.147613
-0.0907575
-0.0182912
-0.191003
0.229921
0.318524
0.301305
0.243095
0.097797
0.0600515
0.0819655
-0.0869957
0.0569597
0.0556256
-0.127538
0.170528
0.0191445
0.267894
0.194244
-0.074569
-0.322688
-0.160127
-0.289803
0.366214
0.577501
0.704724
0.159092
0.0609412
-0.420974
-0.171339
0.158964
0.22665
0.283452
0.474841
0.0824793
-0.185737
-0.603355
-0.123684
0.385118
0.189334
0.0448739
0.0527566
-0.0424447
-0.453868
-0.788826
-0.131631
0.0668639
-0.049943
0.141914
-0.100011
0.0138106
0.142034
-0.292608
0.396605
0.0841742
0.438593
-0.0359575
0.00677402
-0.0352208
0.254821
-0.3314
0.0550951
0.251086
0.109954
0.10158
-0.344342
0.296905
0.200789
0.18872
-0.105229
-0.162088
-0.0202596
-0.031449
0.298732
0.23372
0.463284
-0.126733
-0.0880636
0.0861239
0.00225104
0.0670446
0.246241
0.291181
-0.0611996
0.175852
0.0211806
0.0188426
-0.265959
-0.327796
-0.134409
-0.411309
0.122907
-0.0932994
-0.0701123
-0.173934
0.0825983
0.170239
-0.269358
-0.478249
0.446196
-2.5423
-1.59089
1.47292
-1.68913
-1.33881
-1.43194
-2.13619
0.933481
2.27745
-0.333249
0.555539
1.49084
0.513305
-0.64581
-0.645791
0.340714
-0.615918
1.92075
-1.54224
0.861368
-0.552258
-0.930859
0.912274
-0.911172
-1.68161
0.602844
2.46214
1.39456
-0.643859
-0.731319
-1.53578
-0.448096
-0.906603
-0.608144
-0.307245
-0.0720024
-0.605973
-0.374502
1.52748
-1.1308
0.975825
-0.604663
-0.0964312
2.15086
-0.612808
-0.456466
-1.15409
-0.208114
-0.326895
-0.24636
-0.557065
-0.406363
2.08848
-0.828075
1.87476
-0.775523
1.36816
-0.669685
-1.21577
-0.621922
3.96114
-0.172897
-0.680493
2.64406
-0.817859
1.96508
-1.25872
-1.02443
-0.175211
-0.948315
-0.584881
-0.654494
-1.27469
-0.282299
-0.34588
-0.25069
-0.477712
-0.589273
1.22074
-0.598377
-0.750817
1.5006
1.93399
-0.635202
-0.941767
-0.480482
2.94924
-0.0987272
-0.470711
-0.614029
-0.782229
2.07664
-1.14472
-0.571888
-0.194136
-0.587193
-0.571994
-0.693333
-0.848666
-0.20451
-0.236848
-0.321346
-0.75123
-0.714145
-2.47626
-1.78442
0.246927
-0.384932
-1.46495
0.696944
-0.98567
0.156502
0.908302
1.70194
0.994007
2.37978
0.0555064
0.133659
-2.48668
-0.186621
-0.724415
-0.15605
-0.267941
1.686
-0.914121
2.52012
-1.1844
-1.08907
-1.94408
0.171068
1.53317
-0.549808
-0.498143
-0.588135
-1.28314
2.41643
-1.1593
-0.504737
3.75257
-0.0484988
-0.444686
-0.39469
1.40799
-0.857064
-0.91887
-0.685953
-0.15589
-0.598227
1.6736
2.17097
1.75586
-0.26096
-0.280106
-0.293558
-0.899611
-0.433093
-1.20544
-0.654016
-0.577914
1.1675
-1.50959
-0.529835
0.985824
-0.749107
2.17671
-0.13067
-0.449088
-0.626001
-0.684731
3.33294
1.21731
-0.752162
-0.20068
-0.504845
-1.07555
-0.713117
1.54275
-0.271894
-0.356999
-0.282545
-0.895744
-0.77725
-1.32421
-0.735037
2.06863
-0.573374
-1.42896
-0.599575
1.10915
-0.338189
-0.328528
-0.0581305
-0.521457
-0.373638
-0.654964
-1.06467
-1.16128
2.74305
-0.130005
-0.976019
1.95451
2.01441
-0.89471
-0.235855
-0.197777
-0.289975
-0.976678
-0.535903
-1.28133
1.2853
1.41934
1.72105
-1.55932
2.7992
0.592493
1.74442
2.64767
-0.141651
2.71187
4.3197
0.766593
2.34702
0.796316
-0.915704
-0.32592
3.44512
-0.911973
3.86629
1.35233
2.639
-0.485073
2.89623
-1.07878
2.62566
-0.289572
-0.199607
-0.144148
-0.180267
1.85406
-0.142016
-0.243129
-0.0696076
-0.0954396
-0.0197074
-0.0655001
-0.0666192
-0.159504
-0.401119
2.24233
-0.157356
-0.0219728
-0.111064
-0.12482
-0.117861
-0.226001
-0.0294907
-0.0484069
-0.083956
-0.098892
-0.112572
1.03873
-0.803197
1.96093
-0.908394
0.487447
-0.460905
-1.22904
-0.497968
-0.450114
-0.0755661
-0.766529
-0.425863
-0.83029
-1.22235
0.955166
-0.706555
-0.167004
1.83975
-0.756465
-0.663468
-0.99635
-0.410934
-0.297464
-0.327589
-0.748802
-0.625489
3.1269
2.6625
2.24953
-0.922435
0.230362
-0.732454
0.618994
-0.6213
3.83263
-0.20557
-0.881277
3.1853
-0.776111
-1.05973
1.324
1.52932
-0.245779
-0.783545
1.72276
-0.765261
2.74259
-0.3172
2.44941
-0.482818
1.92338
2.13035
-1.50122
-0.621639
-0.830782
-0.649451
0.425639
-0.501738
-1.47038
-0.773583
-0.401354
-0.0564672
-0.689959
-0.488832
0.70449
-1.34251
1.3071
-0.905546
-0.216811
1.75482
-0.73252
-0.732034
0.720944
-0.435631
-0.815178
-0.47491
0.974771
-0.632029
1.05813
-1.27916
-1.55706
-1.48978
0.553763
-1.08914
-1.98021
-1.2771
4.10705
-0.348439
0.58487
1.21528
-1.60722
0.136779
1.38162
-1.76572
-0.449363
0.555395
-1.38509
-1.23596
1.21183
-0.713052
-1.08783
-0.895376
-1.45223
-1.20007
-1.9768
0.381738
1.49568
0.620486
-0.885228
1.38223
-0.345179
0.46185
2.34237
-0.218586
-1.17092
1.88036
-1.63588
0.386709
-0.572126
0.390748
-0.614887
1.84878
-1.40447
-1.16408
-1.82623
-0.833789
1.33981
-0.680429
-1.78295
-0.900474
0.555741
-0.60538
-0.591452
-0.92519
-1.67899
-0.778338
-1.17822
-0.575556
-0.578367
-0.0739146
-0.552316
-0.463827
2.41159
-1.5075
0.572183
0.975438
-0.283802
-0.915074
-1.20049
-0.629557
-1.0221
-0.311662
-0.402425
2.40886
-1.26462
-0.658146
-0.66539
-0.316392
-0.38877
-0.538952
0.818495
-0.396762
-0.756111
-0.246463
-0.229697
-0.0259783
-0.206822
-0.27739
-0.332083
1.82622
-0.525409
-0.320347
-0.127042
-0.366612
2.30428
-0.498198
-0.478421
-0.147756
-0.128266
-0.169226
-0.534748
-0.366374
1.79149
1.37172
-0.913002
-1.20602
1.51867
-0.813552
0.518485
-0.63278
-0.673137
-0.15629
-0.791955
-0.576562
-1.24179
-1.34491
2.00008
2.18215
-0.333219
1.39353
-1.20967
1.58242
1.58628
-0.333907
-0.386842
-0.414205
-0.954874
-0.682161
-0.908982
-0.526197
-0.556441
-0.646948
2.03857
-0.35077
-0.806104
-0.485172
4.24841
-0.0870669
-0.426557
-0.495952
-0.552584
2.77039
-0.891145
-0.404509
-0.143269
-0.489902
1.90858
-0.419804
2.65431
-0.190236
-0.324285
-0.209584
-0.476906
-0.367373
3.18946
-0.854613
2.98112
-0.701265
1.61939
-0.465674
-1.14147
2.40225
3.39968
-0.0856353
-0.505177
-0.448303
-0.595654
3.22804
-0.908825
-0.763633
-0.133983
2.27087
2.61309
1.96596
-0.80212
-0.216718
-0.307743
-0.335854
-0.663833
-0.626576
-1.8905
0.608688
-1.38846
0.0476759
-2.43323
1.30085
-2.42594
-0.939494
-0.868851
2.61776
-0.824759
-0.827906
-1.32786
0.447713
0.796428
-1.18361
3.90907
-1.07411
-1.60089
-1.15654
-1.78627
1.78881
-0.826902
-0.576148
-1.27097
-0.881585
-0.871494
-0.396991
-0.49469
-0.659468
1.10558
-0.253823
-0.903487
-0.266661
3.0707
-0.153368
-0.310569
-0.257684
-0.419996
1.65929
1.67472
-0.37959
-0.148134
-0.354133
-0.549034
-0.407258
1.26152
3.92868
-0.186698
-0.257725
-0.374952
-0.265607
-0.951693
-0.452007
-0.334655
-0.364611
-1.18099
-0.248121
-0.946966
-0.194328
-0.238815
-0.0322528
-0.270904
-0.251212
-0.522602
1.46322
2.00784
-0.251101
-0.0775508
-0.439577
-0.330858
-0.317245
-0.797659
-0.126174
-0.227104
-0.131783
-0.36472
-0.252083
2.53393
-0.178898
-0.374727
-0.263664
2.40099
-0.140704
-0.485506
-0.145656
-0.170554
-0.0128178
-0.215347
-0.149817
-0.209606
-0.408002
-0.344132
-0.237728
-0.0492404
-0.202332
-0.243983
-0.224551
-0.283195
-0.0824442
-0.0650627
-0.128569
-0.305993
-0.268263
-1.06409
-0.427922
-0.47428
-0.77763
-1.31813
-0.373311
-1.03203
2.49605
-0.433047
-0.0409383
-0.33023
5.11471
-0.559279
-1.44761
-0.883882
-0.366728
-0.118568
-0.326653
-0.69577
2.67556
-0.742459
-0.224045
-0.186699
-0.258297
-0.914592
-0.738872
-0.879289
-0.471515
-0.400199
-0.46882
-1.00049
-0.238448
-0.822581
-0.351768
5.17153
-0.0378414
-0.335638
-0.364079
-0.588003
-0.757671
-0.76038
-0.396605
-0.095935
-0.414256
-0.46052
-0.346961
2.66035
-0.162208
-0.288171
-0.20882
-0.504878
4.10184
